3D Point Measurements																																			
																																			
Generated: Tuesday 16 November 2021 16:35:53																																			
																																			
Filename	Frame	Time (mins)	Period	Period time (mins)	X (mm)	Y (mm)	Z (mm)	sX (mm)	sY (mm)	sZ (mm)	RMS (mm)	Range (mm)	Direction (deg)	OpCode	TapeReader	Depth	Comment									Family	Genus	Species	Code	Number	Stage	Activity	Comment		
A001C0128_20210709172016_0001.MOV	0	0.0000			-54.695	99.336	-776.553	0.132	0.167	1.071	0.119	784.789	8.842	0	KTD															0	AD	Passing			
A001C0128_20210709172016_0001.MOV	0	0.0000			44.818	80.006	-621.975	0.102	0.121	0.694	3.411	628.699	8.919	0	KTD															1	F	Passing			
A001C0128_20210709172016_0001.MOV	0	0.0000			43.225	79.273	-620.036	0.101	0.120	0.690	3.369	626.576	8.821	0	KTD															2	AD	Passing			
A001C0128_20210709172016_0001.MOV	0	0.0000			41.261	79.216	-618.971	0.100	0.119	0.688	3.288	625.382	8.751	0	KTD															3	AD	Passing			
A001C0128_20210709172016_0001.MOV	0	0.0000			39.995	78.228	-616.598	0.099	0.118	0.682	3.224	622.826	8.652	0	KTD															4	AD	Passing			
A001C0128_20210709172016_0001.MOV	0	0.0000			-26.196	29.503	-564.923	0.086	0.085	0.572	1.286	566.299	4.465	0	KTD															71	AD	Passing			
A001C0128_20210709172016_0001.MOV	10	0.0014			45.879	76.474	-627.229	0.103	0.119	0.706	3.419	633.537	8.616	0	KTD															1	F	Passing			
A001C0128_20210709172016_0001.MOV	10	0.0014			44.080	76.017	-625.859	0.102	0.118	0.703	3.348	631.997	8.520	0	KTD															2	AD	Passing			
A001C0128_20210709172016_0001.MOV	10	0.0014			41.926	75.913	-624.820	0.101	0.118	0.700	3.260	630.809	8.436	0	KTD															3	AD	Passing			
A001C0128_20210709172016_0001.MOV	10	0.0014			40.458	75.385	-623.156	0.100	0.117	0.697	3.234	629.001	8.355	0	KTD															4	AD	Passing			
A001C0128_20210709172016_0001.MOV	10	0.0014			-22.688	24.879	-566.512	0.085	0.084	0.576	1.429	567.511	3.869	0	KTD															71	AD	Passing			
A001C0128_20210709172016_0001.MOV	10	0.0014			-57.441	93.748	-782.348	0.135	0.162	1.087	0.196	790.036	8.521	0	KTD															0	AD	Passing			
A001C0128_20210709172016_0001.MOV	20	0.0028			47.164	72.123	-632.592	0.104	0.117	0.718	3.401	638.435	8.270	0	KTD															1	F	Passing			
A001C0128_20210709172016_0001.MOV	20	0.0028			45.239	71.872	-630.935	0.103	0.116	0.714	3.289	636.625	8.184	0	KTD															2	AD	Passing			
A001C0128_20210709172016_0001.MOV	20	0.0028			42.966	71.744	-630.377	0.102	0.116	0.713	3.238	635.900	8.081	0	KTD															3	AD	Passing			
A001C0128_20210709172016_0001.MOV	20	0.0028			41.215	71.386	-628.390	0.101	0.116	0.708	3.181	633.774	8.002	0	KTD															4	AD	Passing			
A001C0128_20210709172016_0001.MOV	20	0.0028			-19.319	20.947	-567.635	0.084	0.083	0.578	1.587	568.350	3.343	0	KTD															71	AD	Passing			
A001C0128_20210709172016_0001.MOV	20	0.0028			-60.242	87.574	-788.631	0.138	0.157	1.104	0.262	795.762	8.181	0	KTD															0	AD	Passing			
A001C0128_20210709172016_0001.MOV	40	0.0056			-67.089	74.038	-800.457	0.146	0.147	1.136	0.664	806.668	7.573	0	KTD															0	AD	Passing			
A001C0128_20210709172016_0001.MOV	40	0.0056			49.823	62.401	-641.925	0.107	0.112	0.739	3.325	646.873	7.572	0	KTD															1	F	Passing			
A001C0128_20210709172016_0001.MOV	40	0.0056			47.466	62.250	-640.981	0.106	0.112	0.736	3.235	645.743	7.452	0	KTD															2	AD	Passing			
A001C0128_20210709172016_0001.MOV	40	0.0056			45.044	61.704	-640.663	0.105	0.111	0.736	3.169	645.201	7.297	0	KTD															3	AD	Passing			
A001C0128_20210709172016_0001.MOV	40	0.0056			42.829	61.697	-639.448	0.103	0.111	0.733	3.070	643.844	7.203	0	KTD															4	AD	Passing			
A001C0128_20210709172016_0001.MOV	40	0.0056			-14.976	17.066	-568.651	0.084	0.083	0.580	1.585	569.104	2.769	0	KTD															71	AD	Passing			
A001C0128_20210709172016_0001.MOV	60	0.0083			-75.817	62.869	-816.209	0.156	0.140	1.181	0.301	822.130	7.281	0	KTD															0	AD	Passing			
A001C0128_20210709172016_0001.MOV	60	0.0083			51.310	54.870	-648.607	0.109	0.108	0.754	3.233	652.943	7.060	0	KTD															1	F	Passing			
A001C0128_20210709172016_0001.MOV	60	0.0083			48.808	54.513	-648.349	0.108	0.108	0.753	3.156	652.465	6.901	0	KTD															2	AD	Passing			
A001C0128_20210709172016_0001.MOV	60	0.0083			46.494	53.381	-648.381	0.107	0.108	0.753	3.075	652.234	6.698	0	KTD															3	AD	Passing			
A001C0128_20210709172016_0001.MOV	60	0.0083			43.945	53.367	-647.850	0.105	0.107	0.752	3.011	651.528	6.569	0	KTD															4	AD	Passing			
A001C0128_20210709172016_0001.MOV	60	0.0083			-15.488	18.746	-572.284	0.084	0.084	0.587	1.669	572.800	2.924	0	KTD															71	AD	Passing			
A001C0128_20210709172016_0001.MOV	80	0.0111			-86.663	52.730	-822.224	0.167	0.134	1.198	0.588	828.458	7.366	0	KTD															0	AD	Passing			
A001C0128_20210709172016_0001.MOV	80	0.0111			51.307	51.138	-655.352	0.110	0.107	0.769	3.162	659.344	6.748	0	KTD															1	F	Passing			
A001C0128_20210709172016_0001.MOV	80	0.0111			48.818	50.237	-655.317	0.109	0.107	0.769	3.089	659.050	6.548	0	KTD															2	AD	Passing			
A001C0128_20210709172016_0001.MOV	80	0.0111			46.780	48.556	-654.720	0.108	0.106	0.767	3.014	658.182	6.329	0	KTD															3	AD	Passing			
A001C0128_20210709172016_0001.MOV	80	0.0111			44.126	48.035	-655.214	0.107	0.106	0.768	2.919	658.452	6.144	0	KTD															4	AD	Passing			
A001C0128_20210709172016_0001.MOV	80	0.0111			-21.098	23.573	-578.226	0.086	0.085	0.599	1.475	579.091	3.604	0	KTD															71	AD	Passing			
A001C0128_20210709172016_0001.MOV	100	0.0139			-98.081	43.551	-828.054	0.180	0.129	1.214	0.550	834.979	7.649	0	KTD															0	AD	Passing			
A001C0128_20210709172016_0001.MOV	100	0.0139			50.663	49.612	-662.705	0.111	0.108	0.786	3.145	666.488	6.544	0	KTD															1	F	Passing			
A001C0128_20210709172016_0001.MOV	100	0.0139			48.391	48.141	-662.454	0.110	0.107	0.785	3.069	665.961	6.324	0	KTD															2	AD	Passing			
A001C0128_20210709172016_0001.MOV	100	0.0139			46.673	46.183	-661.535	0.109	0.106	0.783	2.993	664.786	6.108	0	KTD															3	AD	Passing			
A001C0128_20210709172016_0001.MOV	100	0.0139			44.302	44.880	-661.695	0.108	0.105	0.783	2.894	664.693	5.889	0	KTD															4	AD	Passing			
A001C0128_20210709172016_0001.MOV	100	0.0139			-34.228	27.622	-606.135	0.094	0.090	0.657	1.342	607.729	4.554	0	KTD															71	AD	Passing			
A001C0128_20210709172016_0001.MOV	120	0.0167			-109.186	34.956	-837.114	0.194	0.126	1.241	1.089	844.928	8.003	0	KTD															0	AD	Passing			
A001C0128_20210709172016_0001.MOV	120	0.0167			49.846	51.238	-665.595	0.111	0.109	0.793	4.836	669.423	6.577	0	KTD															1	F	Passing			
A001C0128_20210709172016_0001.MOV	120	0.0167			47.924	48.569	-664.514	0.110	0.107	0.790	3.997	668.008	6.307	0	KTD															2	AD	Passing			
A001C0128_20210709172016_0001.MOV	120	0.0167			46.228	46.828	-664.850	0.109	0.107	0.791	3.862	668.098	6.097	0	KTD															3	AD	Passing			
A001C0128_20210709172016_0001.MOV	120	0.0167			44.389	44.821	-661.086	0.108	0.105	0.782	3.844	664.089	5.895	0	KTD															4	AD	Passing			
A001C0128_20210709172016_0001.MOV	120	0.0167			-42.205	26.235	-605.761	0.097	0.090	0.656	0.655	607.796	5.035	0	KTD															71	AD	Passing			
A001C0128_20210709172016_0001.MOV	140	0.0195			-120.060	26.728	-840.120	0.207	0.123	1.250	0.863	849.076	8.481	0	KTD															0	AD	Passing			
A001C0128_20210709172016_0001.MOV	140	0.0195			47.574	51.352	-684.480	0.113	0.112	0.837	3.203	688.050	6.296	0	KTD															1	F	Passing			
A001C0128_20210709172016_0001.MOV	140	0.0195			45.827	49.255	-682.672	0.112	0.111	0.833	3.046	685.979	6.085	0	KTD															2	AD	Passing			
A001C0128_20210709172016_0001.MOV	140	0.0195			44.257	47.909	-680.376	0.111	0.109	0.827	3.008	683.495	5.934	0	KTD															3	AD	Passing			
A001C0128_20210709172016_0001.MOV	140	0.0195			42.558	45.711	-678.975	0.110	0.108	0.824	2.937	681.842	5.713	0	KTD															4	AD	Passing			
A001C0128_20210709172016_0001.MOV	140	0.0195			-50.579	21.886	-612.808	0.102	0.090	0.671	1.309	615.281	5.407	0	KTD															71	AD	Passing			
A001C0128_20210709172016_0001.MOV	160	0.0222			-132.131	19.949	-846.958	0.223	0.123	1.271	1.485	857.435	9.076	0	KTD															0	AD	Passing			
A001C0128_20210709172016_0001.MOV	160	0.0222			45.040	52.764	-699.253	0.114	0.115	0.873	3.155	702.686	6.138	0	KTD															1	F	Passing			
A001C0128_20210709172016_0001.MOV	160	0.0222			43.332	50.906	-696.701	0.113	0.114	0.867	3.016	699.901	5.954	0	KTD															2	AD	Passing			
A001C0128_20210709172016_0001.MOV	160	0.0222			41.420	50.152	-693.793	0.111	0.113	0.860	3.028	696.836	5.835	0	KTD															3	AD	Passing			
A001C0128_20210709172016_0001.MOV	160	0.0222			39.892	48.015	-691.210	0.110	0.111	0.853	2.902	694.023	5.638	0	KTD															4	AD	Passing			
A001C0128_20210709172016_0001.MOV	160	0.0222			-56.054	11.445	-624.585	0.107	0.090	0.696	1.490	627.199	5.387	0	KTD															71	AD	Passing			
A001C0128_20210709172016_0001.MOV	180	0.0250			-143.318	14.945	-847.632	0.237	0.122	1.274	1.379	859.793	9.729	0	KTD															0	AD	Passing			
A001C0128_20210709172016_0001.MOV	180	0.0250			42.894	53.917	-714.911	0.115	0.118	0.912	3.088	718.224	5.989	0	KTD															1	F	Passing			
A001C0128_20210709172016_0001.MOV	180	0.0250			40.883	52.642	-711.823	0.114	0.117	0.904	3.034	714.937	5.838	0	KTD															2	AD	Passing			
A001C0128_20210709172016_0001.MOV	180	0.0250			38.396	52.477	-709.749	0.112	0.117	0.899	2.981	712.721	5.733	0	KTD															3	AD	Passing			
A001C0128_20210709172016_0001.MOV	180	0.0250			36.825	50.784	-706.279	0.111	0.115	0.890	2.913	709.060	5.576	0	KTD															4	AD	Passing			
A001C0128_20210709172016_0001.MOV	180	0.0250			-55.963	0.669	-631.858	0.108	0.091	0.712	1.842	634.332	5.105	0	KTD															71	AD	Passing			
A001C0128_20210709172016_0001.MOV	200	0.0278			-153.373	10.586	-846.732	0.250	0.122	1.272	1.504	860.576	10.350	0	KTD															0	AD	Passing			
A001C0128_20210709172016_0001.MOV	200	0.0278			42.275	53.781	-728.858	0.117	0.120	0.947	3.154	732.061	5.849	0	KTD															1	F	Passing			
A001C0128_20210709172016_0001.MOV	200	0.0278			39.804	53.176	-725.639	0.116	0.120	0.939	3.062	728.672	5.725	0	KTD															2	AD	Passing			
A001C0128_20210709172016_0001.MOV	200	0.0278			36.895	53.036	-724.713	0.114	0.119	0.936	2.954	727.587	5.601	0	KTD															3	AD	Passing			
A001C0128_20210709172016_0001.MOV	200	0.0278			34.887	52.271	-721.058	0.112	0.118	0.927	2.916	723.791	5.494	0	KTD															4	AD	Passing			
A001C0128_20210709172016_0001.MOV	200	0.0278			-51.240	-5.446	-633.146	0.106	0.092	0.715	2.047	635.240	4.628	0	KTD															71	AD	Passing			
A001C0128_20210709172016_0001.MOV	220	0.0306			-161.011	6.252	-837.801	0.257	0.120	1.247	1.907	853.155	10.927	0	KTD															0	AD	Passing			
A001C0128_20210709172016_0001.MOV	220	0.0306			42.934	52.274	-738.240	0.119	0.121	0.971	3.139	741.332	5.715	0	KTD															1	F	Passing			
A001C0128_20210709172016_0001.MOV	220	0.0306			40.021	52.058	-736.361	0.117	0.121	0.966	3.111	739.283	5.587	0	KTD															2	AD	Passing			
A001C0128_20210709172016_0001.MOV	220	0.0306			36.931	51.472	-735.419	0.116	0.120	0.964	2.991	738.143	5.426	0	KTD															3	AD	Passing			
A001C0128_20210709172016_0001.MOV	220	0.0306			34.212	51.453	-733.141	0.114	0.120	0.958	2.945	735.740	5.331	0	KTD															4	AD	Passing			
A001C0128_20210709172016_0001.MOV	220	0.0306			-45.786	-4.837	-629.501	0.103	0.092	0.707	2.031	631.183	4.163	0	KTD															71	AD	Passing			
A001C0128_20210709172016_0001.MOV	240	0.0334			-167.511	1.193	-827.657	0.262	0.119	1.219	2.044	844.439	11.462	0	KTD															0	AD	Passing			
A001C0128_20210709172016_0001.MOV	240	0.0334			44.413	50.174	-741.863	0.121	0.120	0.981	3.113	744.883	5.628	0	KTD															1	F	Passing			
A001C0128_20210709172016_0001.MOV	240	0.0334			41.233	49.822	-740.761	0.119	0.120	0.978	3.060	743.579	5.468	0	KTD															2	AD	Passing			
A001C0128_20210709172016_0001.MOV	240	0.0334			38.267	48.539	-740.582	0.117	0.119	0.977	3.010	743.157	5.259	0	KTD															3	AD	Passing			
A001C0128_20210709172016_0001.MOV	240	0.0334			35.131	48.572	-739.150	0.115	0.119	0.973	2.948	741.577	5.138	0	KTD															4	AD	Passing			
A001C0128_20210709172016_0001.MOV	240	0.0334			-42.876	1.669	-624.985	0.101	0.090	0.697	1.849	626.456	3.997	0	KTD															71	AD	Passing			
A001C0128_20210709172016_0001.MOV	260	0.0361			-172.538	-4.120	-822.267	0.267	0.119	1.204	2.181	840.184	11.855	0	KTD															0	AD	Passing			
A001C0128_20210709172016_0001.MOV	260	0.0361			46.543	48.656	-740.966	0.122	0.119	0.979	3.176	744.019	5.644	0	KTD															1	F	Passing			
A001C0128_20210709172016_0001.MOV	260	0.0361			43.388	47.640	-740.451	0.120	0.119	0.977	3.156	743.249	5.435	0	KTD															2	AD	Passing			
A001C0128_20210709172016_0001.MOV	260	0.0361			40.821	45.744	-740.122	0.118	0.117	0.976	3.011	742.657	5.202	0	KTD															3	AD	Passing			
A001C0128_20210709172016_0001.MOV	260	0.0361			37.549	45.325	-739.964	0.117	0.117	0.975	2.961	742.301	5.028	0	KTD															4	AD	Passing			
A001C0128_20210709172016_0001.MOV	260	0.0361			-43.626	10.911	-622.952	0.101	0.090	0.693	1.599	624.573	4.315	0	KTD															71	AD	Passing			
A001C0128_20210709172016_0001.MOV	280	0.0389			47.994	48.206	-738.457	0.122	0.119	0.972	3.198	741.583	5.707	0	KTD															1	F	Passing			
A001C0128_20210709172016_0001.MOV	280	0.0389			-175.472	-10.710	-806.000	0.266	0.119	1.158	2.867	824.949	12.282	0	KTD															0	AD	Passing			
A001C0128_20210709172016_0001.MOV	280	0.0389			45.122	46.620	-737.949	0.120	0.118	0.971	3.121	740.795	5.475	0	KTD															2	AD	Passing			
A001C0128_20210709172016_0001.MOV	280	0.0389			42.953	44.263	-736.476	0.119	0.116	0.967	3.044	739.054	5.238	0	KTD															3	AD	Passing			
A001C0128_20210709172016_0001.MOV	280	0.0389			39.953	42.971	-736.658	0.117	0.115	0.967	2.970	738.991	5.013	0	KTD															4	AD	Passing			
A001C0128_20210709172016_0001.MOV	280	0.0389			-48.719	18.756	-625.211	0.103	0.091	0.698	1.441	627.386	5.022	0	KTD															71	AD	Passing			
A001C0128_20210709172016_0001.MOV	300	0.0417			-178.755	-18.166	-792.172	0.265	0.120	1.121	2.974	812.293	12.732	0	KTD															0	AD	Passing			
A001C0128_20210709172016_0001.MOV	300	0.0417			48.006	48.450	-735.804	0.122	0.118	0.965	3.192	738.958	5.741	0	KTD															1	F	Passing			
A001C0128_20210709172016_0001.MOV	300	0.0417			45.571	46.347	-735.156	0.120	0.117	0.963	3.132	738.024	5.500	0	KTD															2	AD	Passing			
A001C0128_20210709172016_0001.MOV	300	0.0417			43.617	44.084	-732.666	0.119	0.115	0.957	3.060	735.286	5.285	0	KTD															3	AD	Passing			
A001C0128_20210709172016_0001.MOV	300	0.0417			41.064	42.058	-732.349	0.117	0.114	0.956	2.975	734.704	5.039	0	KTD															4	AD	Passing			
A001C0128_20210709172016_0001.MOV	300	0.0417			-56.767	21.554	-632.301	0.109	0.092	0.714	1.276	635.210	5.728	0	KTD															71	AD	Passing			
A001C0128_20210709172016_0001.MOV	320	0.0445			-181.757	-24.724	-781.273	0.266	0.121	1.092	3.439	802.517	13.145	0	KTD															0	AD	Passing			
A001C0128_20210709172016_0001.MOV	320	0.0445			46.769	49.937	-735.620	0.121	0.119	0.965	3.206	738.795	5.769	0	KTD															0	AD	Passing			
A001C0128_20210709172016_0001.MOV	320	0.0445			44.683	47.608	-734.080	0.119	0.118	0.961	3.131	736.978	5.539	0	KTD															1	F	Passing			
A001C0128_20210709172016_0001.MOV	320	0.0445			42.711	45.786	-731.036	0.118	0.116	0.953	3.075	733.712	5.353	0	KTD															3	AD	Passing			
A001C0128_20210709172016_0001.MOV	320	0.0445			40.650	43.349	-729.824	0.117	0.115	0.949	2.976	732.239	5.112	0	KTD															4	AD	Passing			
A001C0128_20210709172016_0001.MOV	320	0.0445			-63.993	16.394	-640.217	0.115	0.093	0.731	1.346	643.616	6.069	0	KTD															71	AD	Passing			
A001C0128_20210709172016_0001.MOV	340	0.0473			-182.868	-28.658	-764.339	0.261	0.121	1.046	4.106	786.432	13.533	0	KTD															0	AD	Passing			
A001C0128_20210709172016_0001.MOV	340	0.0473			44.781	53.267	-738.823	0.120	0.122	0.973	3.237	742.093	5.856	0	KTD															1	F	Passing			
A001C0128_20210709172016_0001.MOV	340	0.0473			42.811	51.074	-736.489	0.119	0.120	0.967	3.131	739.498	5.647	0	KTD															2	AD	Passing			
A001C0128_20210709172016_0001.MOV	340	0.0473			40.611	49.869	-732.972	0.117	0.119	0.958	3.093	735.788	5.496	0	KTD															3	AD	Passing			
A001C0128_20210709172016_0001.MOV	340	0.0473			38.809	47.448	-730.713	0.116	0.117	0.952	2.968	733.280	5.277	0	KTD															4	AD	Passing			
A001C0128_20210709172016_0001.MOV	340	0.0473			-67.670	8.379	-645.152	0.118	0.093	0.742	1.595	648.745	6.137	0	KTD															71	AD	Passing			
A001C0128_20210709172016_0001.MOV	360	0.0500			-184.992	-31.787	-756.188	0.261	0.121	1.026	3.893	779.136	13.851	0	KTD															0	AD	Passing			
A001C0128_20210709172016_0001.MOV	360	0.0500			44.449	56.098	-743.574	0.121	0.124	0.985	3.224	747.011	5.983	0	KTD															1	AD	Passing			
A001C0128_20210709172016_0001.MOV	360	0.0500			42.344	54.411	-740.336	0.119	0.123	0.977	3.159	743.539	5.809	0	KTD															2	AD	Passing			
A001C0128_20210709172016_0001.MOV	360	0.0500			39.782	53.915	-737.727	0.117	0.122	0.970	3.096	740.764	5.687	0	KTD															3	AD	Passing			
A001C0128_20210709172016_0001.MOV	360	0.0500			37.996	51.883	-734.438	0.116	0.120	0.961	2.998	737.248	5.503	0	KTD															4	AD	Passing			
A001C0128_20210709172016_0001.MOV	360	0.0500			-63.456	-2.972	-649.556	0.116	0.094	0.752	2.005	652.655	5.590	0	KTD															71	AD	Passing			
A001C0128_20210709172016_0001.MOV	380	0.0528			-183.304	-35.403	-744.045	0.255	0.121	0.994	4.418	767.109	13.983	0	KTD															0	AD	Passing			
A001C0128_20210709172016_0001.MOV	380	0.0528			48.165	55.513	-747.168	0.124	0.124	0.995	3.324	750.774	6.087	0	KTD															1	F	Passing			
A001C0128_20210709172016_0001.MOV	380	0.0528			45.531	54.542	-743.878	0.122	0.123	0.986	3.235	747.263	5.932	0	KTD															2	AD	Passing			
A001C0128_20210709172016_0001.MOV	380	0.0528			42.472	54.365	-742.519	0.120	0.123	0.983	3.159	745.717	5.796	0	KTD															3	AD	Passing			
A001C0128_20210709172016_0001.MOV	380	0.0528			40.307	53.204	-739.008	0.118	0.122	0.973	3.105	742.016	5.654	0	KTD															4	AD	Passing			
A001C0128_20210709172016_0001.MOV	380	0.0528			-50.061	-10.593	-646.353	0.108	0.095	0.744	2.178	648.376	4.441	0	KTD															71	AD	Passing			
A001C0128_20210709172016_0001.MOV	400	0.0556			-180.974	-40.803	-741.667	0.252	0.124	0.987	4.769	764.517	13.923	0	KTD															0	AD	Passing			
A001C0128_20210709172016_0001.MOV	400	0.0556			56.254	51.384	-747.689	0.129	0.122	0.997	3.459	751.561	6.242	0	KTD															1	F	Passing			
A001C0128_20210709172016_0001.MOV	400	0.0556			53.219	51.020	-745.950	0.127	0.121	0.992	3.391	749.584	6.078	0	KTD															2	AD	Passing			
A001C0128_20210709172016_0001.MOV	400	0.0556			50.003	50.645	-745.363	0.125	0.121	0.990	3.290	748.753	5.899	0	KTD															3	AD	Passing			
A001C0128_20210709172016_0001.MOV	400	0.0556			47.066	50.345	-742.966	0.122	0.121	0.984	3.208	746.156	5.756	0	KTD															4	AD	Passing			
A001C0128_20210709172016_0001.MOV	400	0.0556			-35.564	-8.564	-638.211	0.100	0.093	0.726	2.126	639.258	3.193	0	KTD															71	AD	Passing			
A001C0128_20210709172016_0001.MOV	420	0.0584			-180.123	-46.528	-740.748	0.250	0.128	0.984	5.282	763.752	13.959	0	KTD															0	AD	Passing			
A001C0128_20210709172016_0001.MOV	420	0.0584			65.870	47.347	-743.949	0.135	0.119	0.987	3.589	748.359	6.594	0	KTD															1	F	Passing			
A001C0128_20210709172016_0001.MOV	420	0.0584			62.609	46.791	-743.552	0.133	0.119	0.986	3.500	747.649	6.381	0	KTD															2	AD	Passing			
A001C0128_20210709172016_0001.MOV	420	0.0584			59.700	45.494	-744.473	0.131	0.118	0.988	3.428	748.247	6.142	0	KTD															3	AD	Passing			
A001C0128_20210709172016_0001.MOV	420	0.0584			56.446	45.346	-743.623	0.128	0.118	0.986	3.335	747.140	5.958	0	KTD															4	AD	Passing			
A001C0128_20210709172016_0001.MOV	420	0.0584			-28.020	1.426	-633.545	0.096	0.091	0.716	1.965	634.166	2.636	0	KTD															71	AD	Passing			
A001C0128_20210709172016_0001.MOV	440	0.0612			-179.947	-51.101	-733.766	0.248	0.130	0.967	5.468	757.235	14.149	0	KTD															0	AD	Passing			
A001C0128_20210709172016_0001.MOV	440	0.0612			73.461	46.159	-738.540	0.140	0.118	0.974	3.705	743.619	7.040	0	KTD															1	F	Passing			
A001C0128_20210709172016_0001.MOV	440	0.0612			70.418	45.099	-738.921	0.138	0.117	0.974	3.602	743.638	6.801	0	KTD															2	AD	Passing			
A001C0128_20210709172016_0001.MOV	440	0.0612			68.010	42.992	-739.547	0.136	0.116	0.976	3.514	743.911	6.552	0	KTD															3	AD	Passing			
A001C0128_20210709172016_0001.MOV	440	0.0612			64.812	42.275	-740.214	0.134	0.116	0.977	3.426	744.247	6.318	0	KTD															4	AD	Passing			
A001C0128_20210709172016_0001.MOV	440	0.0612			-29.362	13.963	-637.633	0.097	0.092	0.726	1.830	638.462	3.225	0	KTD															71	AD	Passing			
A001C0128_20210709172016_0001.MOV	460	0.0640			-181.978	-54.761	-732.126	0.250	0.133	0.963	5.677	756.388	14.389	0	KTD															0	AD	Passing			
A001C0128_20210709172016_0001.MOV	460	0.0640			79.249	49.046	-734.014	0.144	0.118	0.962	3.873	739.907	7.571	0	KTD															1	F	Passing			
A001C0128_20210709172016_0001.MOV	460	0.0640			76.643	47.268	-735.201	0.142	0.118	0.965	3.693	740.695	7.318	0	KTD															2	AD	Passing			
A001C0128_20210709172016_0001.MOV	460	0.0640			74.531	44.841	-734.624	0.141	0.116	0.963	3.691	739.755	7.083	0	KTD															3	AD	Passing			
A001C0128_20210709172016_0001.MOV	460	0.0640			71.784	43.242	-735.490	0.138	0.115	0.965	3.585	740.249	6.832	0	KTD															4	AD	Passing			
A001C0128_20210709172016_0001.MOV	460	0.0640			-35.320	20.816	-660.634	0.103	0.096	0.778	2.479	661.905	3.893	0	KTD															71	AD	Passing			
A001C0128_20210709172016_0001.MOV	480	0.0667			-183.583	-58.890	-729.790	0.251	0.136	0.958	6.068	754.828	14.625	0	KTD															0	AD	Passing			
A001C0128_20210709172016_0001.MOV	480	0.0667			83.661	54.048	-732.807	0.148	0.121	0.959	4.100	739.544	8.084	0	KTD															1	F	Passing			
A001C0128_20210709172016_0001.MOV	480	0.0667			81.499	51.669	-733.292	0.146	0.120	0.961	4.032	739.614	7.837	0	KTD															2	AD	Passing			
A001C0128_20210709172016_0001.MOV	480	0.0667			79.418	49.260	-731.755	0.144	0.118	0.956	3.875	737.698	7.614	0	KTD															3	AD	Passing			
A001C0128_20210709172016_0001.MOV	480	0.0667			77.240	46.935	-732.514	0.142	0.117	0.958	3.780	738.069	7.366	0	KTD															4	AD	Passing			
A001C0128_20210709172016_0001.MOV	480	0.0667			-41.386	17.762	-666.577	0.106	0.097	0.792	1.160	668.097	4.141	0	KTD															71	AD	Passing			