3D Point Measurements

Generated: Monday 22 May 2023 14:08:22

Filename	Frame	Time (mins)	Period	Period time (mins)	X (mm)	Y (mm)	Z (mm)	sX (mm)	sY (mm)	sZ (mm)	RMS (mm)	Range (mm)	Direction (deg)	OpCode	TapeReader	Depth	Comment									Family	Genus	Species	Code	Number	Stage	Activity	Comment		
A001C0352_20210922221526_0001.MOV	   2679	   0.3725			84.732	83.631	-703.894	0.144	0.148	0.891	0.022	713.891	9.448	1	1															0	J	Passing			
A001C0352_20210922221526_0001.MOV	   2679	   0.3725			7.882	-33.518	-410.549	0.061	0.064	0.308	0.442	411.990	5.007	1	1															1	F	Passing			
A001C0352_20210922221526_0001.MOV	   2679	   0.3725			32.775	-9.513	-419.089	0.066	0.061	0.322	0.271	420.476	4.721	1	1															2	AD	Passing			
A001C0352_20210922221526_0001.MOV	   2709	   0.3766			82.933	87.014	-705.683	0.143	0.152	0.895	0.002	715.847	9.510	1	1															0	J	Passing			
A001C0352_20210922221526_0001.MOV	   2709	   0.3766			5.120	-31.967	-414.227	0.061	0.064	0.313	0.020	415.490	4.685	1	1															1	F	Passing			
A001C0352_20210922221526_0001.MOV	   2709	   0.3766			30.329	-7.631	-422.244	0.066	0.062	0.326	0.190	423.400	4.295	1	1															2	AD	Passing			
A001C0352_20210922221526_0001.MOV	   2739	   0.3808			80.208	91.655	-710.889	0.142	0.157	0.908	0.024	721.247	9.559	1	1															0	J	Passing			
A001C0352_20210922221526_0001.MOV	   2739	   0.3808			1.395	-29.162	-416.159	0.062	0.064	0.316	0.385	417.182	4.231	1	1															1	F	Passing			
A001C0352_20210922221526_0001.MOV	   2739	   0.3808			26.907	-5.799	-424.297	0.066	0.062	0.329	0.338	425.189	3.764	1	1															2	AD	Passing			
A001C0352_20210922221526_0001.MOV	   2769	   0.3850			78.709	91.528	-719.761	0.142	0.159	0.930	0.251	729.813	9.356	1	1															0	J	Passing			
A001C0352_20210922221526_0001.MOV	   2769	   0.3850			-1.331	-30.225	-422.039	0.062	0.065	0.325	0.090	423.122	4.319	1	1															1	F	Passing			
A001C0352_20210922221526_0001.MOV	   2769	   0.3850			25.193	-6.949	-428.883	0.066	0.063	0.336	0.326	429.678	3.551	1	1															2	AD	Passing			
A001C0352_20210922221526_0001.MOV	   2799	   0.3891			79.152	93.521	-728.394	0.144	0.163	0.952	0.414	738.626	9.382	1	1															0	J	Passing			
A001C0352_20210922221526_0001.MOV	   2799	   0.3891			-2.355	-29.875	-427.598	0.063	0.066	0.333	0.407	428.647	4.227	1	1															1	F	Passing			
A001C0352_20210922221526_0001.MOV	   2799	   0.3891			24.297	-6.864	-433.260	0.066	0.063	0.343	0.471	433.995	3.401	1	1															2	AD	Passing			
A001C0352_20210922221526_0001.MOV	   2829	   0.3933			86.158	99.955	-735.828	0.152	0.171	0.972	0.318	747.567	10.003	1	1															0	J	Passing			
A001C0352_20210922221526_0001.MOV	   2829	   0.3933			1.919	-26.574	-431.563	0.064	0.066	0.339	0.359	432.385	3.751	1	1															1	F	Passing			
A001C0352_20210922221526_0001.MOV	   2829	   0.3933			29.170	-4.485	-437.789	0.068	0.064	0.350	0.233	438.783	3.896	1	1															2	AD	Passing			
A001C0352_20210922221526_0001.MOV	   2859	   0.3975			90.465	110.136	-739.937	0.157	0.183	0.984	0.266	753.539	10.735	1	1															0	J	Passing			
A001C0352_20210922221526_0001.MOV	   2859	   0.3975			5.980	-21.071	-433.692	0.064	0.065	0.343	0.244	434.245	3.102	1	1															1	F	Passing			
A001C0352_20210922221526_0001.MOV	   2859	   0.3975			33.452	1.262	-439.095	0.069	0.064	0.352	0.066	440.369	4.357	1	1															2	AD	Passing			
A001C0352_20210922221526_0001.MOV	   2889	   0.4016			93.502	120.488	-741.632	0.160	0.194	0.989	0.357	757.151	11.449	1	1															0	J	Passing			
A001C0352_20210922221526_0001.MOV	   2889	   0.4016			8.857	-15.617	-436.825	0.065	0.064	0.347	0.312	437.193	2.546	1	1															1	F	Passing			
A001C0352_20210922221526_0001.MOV	   2889	   0.4016			36.253	6.440	-440.867	0.070	0.064	0.355	0.110	442.402	4.741	1	1															2	AD	Passing			
A001C0352_20210922221526_0001.MOV	   2919	   0.4058			90.694	121.726	-725.597	0.154	0.191	0.947	0.085	741.305	11.642	1	1															0	J	Passing			
A001C0352_20210922221526_0001.MOV	   2919	   0.4058			10.636	-13.745	-438.727	0.065	0.064	0.351	0.360	439.071	2.445	1	1															1	F	Passing			
A001C0352_20210922221526_0001.MOV	   2919	   0.4058			37.967	8.779	-442.994	0.071	0.065	0.359	0.413	444.705	4.983	1	1															2	AD	Passing			
A001C0352_20210922221526_0001.MOV	   2949	   0.4100			93.935	119.621	-726.401	0.157	0.189	0.949	0.009	742.153	11.655	1	1															0	J	Passing			
A001C0352_20210922221526_0001.MOV	   2949	   0.4100			12.584	-15.787	-442.753	0.066	0.065	0.357	0.041	443.213	2.785	1	1															1	F	Passing			
A001C0352_20210922221526_0001.MOV	   2949	   0.4100			40.383	6.137	-445.610	0.072	0.065	0.363	0.096	447.478	5.209	1	1															2	AD	Passing			
A001C0352_20210922221526_0001.MOV	   2979	   0.4142			98.032	117.536	-740.060	0.164	0.191	0.985	0.051	755.721	11.518	1	1															0	J	Passing			
A001C0352_20210922221526_0001.MOV	   2979	   0.4142			14.531	-18.885	-444.343	0.066	0.066	0.360	0.322	444.981	3.245	1	1															1	F	Passing			
A001C0352_20210922221526_0001.MOV	   2979	   0.4142			42.535	2.417	-448.428	0.073	0.065	0.368	0.287	450.447	5.419	1	1															2	AD	Passing			
A001C0352_20210922221526_0001.MOV	   3009	   0.4183			100.411	116.837	-744.294	0.167	0.191	0.997	0.019	760.070	11.529	1	1															0	J	Passing			
A001C0352_20210922221526_0001.MOV	   3009	   0.4183			15.664	-21.825	-444.820	0.067	0.067	0.360	0.241	445.631	3.636	1	1															1	F	Passing			
A001C0352_20210922221526_0001.MOV	   3009	   0.4183			43.587	0.058	-448.417	0.074	0.065	0.368	0.293	450.531	5.556	1	1															2	AD	Passing			
