3D Point Measurements																																			
																																			
Generated: Wednesday 03 November 2021 13:53:06																																			
																																			
Filename	Frame	Time (mins)	Period	Period time (mins)	X (mm)	Y (mm)	Z (mm)	sX (mm)	sY (mm)	sZ (mm)	RMS (mm)	Range (mm)	Direction (deg)	OpCode	TapeReader	Depth	Comment									Family	Genus	Species	Code	Number	Stage	Activity	Comment		
A001C0177_20210709184827_0001.MOV	75	0.0104			-17.590	63.145	-732.109	0.108	0.127	0.954	1.768	735.038	5.701	1	1	1														0	J	Passing			
A001C0177_20210709184827_0001.MOV	75	0.0104			45.244	68.514	-877.288	0.143	0.156	1.365	3.956	881.122	5.860	1	1	1														1	F	Passing			
A001C0177_20210709184827_0001.MOV	75	0.0104			40.390	66.971	-874.949	0.139	0.154	1.358	3.795	878.437	5.634	1	1	1														2	AD	Passing			
A001C0177_20210709184827_0001.MOV	75	0.0104			35.934	67.252	-875.439	0.137	0.154	1.359	3.656	878.753	5.518	1	1	1														3	AD	Passing			
A001C0177_20210709184827_0001.MOV	75	0.0104			31.586	66.132	-873.907	0.134	0.153	1.354	3.685	876.975	5.345	1	1	1														4	AD	Passing			
A001C0177_20210709184827_0001.MOV	75	0.0104			-19.355	65.213	-872.966	0.128	0.152	1.349	2.197	875.613	5.038	1	1	1														16	AD	Passing			
A001C0177_20210709184827_0001.MOV	75	0.0104			45.888	72.285	-883.185	0.144	0.160	1.383	3.898	887.326	6.056	1	1	1														1.2	AD	Passing			
A001C0177_20210709184827_0001.MOV	100	0.0139			-35.551	62.002	-746.937	0.116	0.129	0.992	1.476	750.349	5.997	1	1	1														0	J	Passing			
A001C0177_20210709184827_0001.MOV	100	0.0139			48.355	71.065	-923.804	0.153	0.166	1.512	4.063	927.794	5.825	1	1	1														1	F	Passing			
A001C0177_20210709184827_0001.MOV	100	0.0139			43.429	69.433	-921.194	0.149	0.164	1.503	3.895	924.827	5.602	1	1	1														2	AD	Passing			
A001C0177_20210709184827_0001.MOV	100	0.0139			38.845	69.383	-919.583	0.145	0.163	1.498	3.744	923.015	5.477	1	1	1														3	AD	Passing			
A001C0177_20210709184827_0001.MOV	100	0.0139			34.148	68.033	-916.844	0.142	0.162	1.489	3.677	919.999	5.293	1	1	1														4	AD	Passing			
A001C0177_20210709184827_0001.MOV	100	0.0139			-18.485	59.350	-897.234	0.131	0.151	1.424	2.490	899.385	4.544	1	1	1														16	AD	Passing			
A001C0177_20210709184827_0001.MOV	100	0.0139			48.611	73.515	-936.041	0.155	0.170	1.552	4.110	940.181	5.892	1	1	1														1.2	AD	Passing			
A001C0177_20210709184827_0001.MOV	125	0.0174			-55.353	59.515	-759.428	0.130	0.129	1.024	1.105	763.765	6.564	1	1	1														0	J	Passing			
A001C0177_20210709184827_0001.MOV	125	0.0174			49.131	70.596	-994.673	0.165	0.177	1.749	4.238	998.384	5.449	1	1	1														1	F	Passing			
A001C0177_20210709184827_0001.MOV	125	0.0174			44.259	69.520	-985.384	0.159	0.175	1.717	4.153	988.825	5.300	1	1	1														2	AD	Passing			
A001C0177_20210709184827_0001.MOV	125	0.0174			39.260	69.894	-981.098	0.155	0.174	1.702	4.186	984.368	5.206	1	1	1														3	AD	Passing			
A001C0177_20210709184827_0001.MOV	125	0.0174			34.370	68.682	-975.513	0.151	0.172	1.683	3.912	978.532	5.049	1	1	1														4	AD	Passing			
A001C0177_20210709184827_0001.MOV	125	0.0174			-19.114	57.776	-927.522	0.136	0.154	1.520	2.543	929.517	4.332	1	1	1														16	AD	Passing			
A001C0177_20210709184827_0001.MOV	125	0.0174			48.480	69.630	-1005.652	0.166	0.178	1.788	4.323	1009.225	5.330	1	1	1														1.2	AD	Passing			
A001C0177_20210709184827_0001.MOV	150	0.0209			-76.592	56.204	-772.997	0.148	0.129	1.060	0.929	778.813	7.380	1	1	1														0	J	Passing			
A001C0177_20210709184827_0001.MOV	150	0.0209			49.661	68.802	-1088.820	0.181	0.191	2.092	4.723	1092.121	4.959	1	1	1														1	F	Passing			
A001C0177_20210709184827_0001.MOV	150	0.0209			44.115	67.970	-1077.668	0.174	0.188	2.049	4.519	1080.710	4.818	1	1	1														2	AD	Passing			
A001C0177_20210709184827_0001.MOV	150	0.0209			38.389	67.706	-1073.901	0.169	0.187	2.035	4.231	1076.718	4.680	1	1	1														3	AD	Passing			
A001C0177_20210709184827_0001.MOV	150	0.0209			33.328	67.062	-1065.705	0.164	0.185	2.004	4.046	1068.333	4.568	1	1	1														4	AD	Passing			
A001C0177_20210709184827_0001.MOV	150	0.0209			-20.209	59.668	-981.742	0.144	0.164	1.701	2.772	983.761	4.248	1	1	1														16	AD	Passing			
A001C0177_20210709184827_0001.MOV	150	0.0209			50.173	63.777	-1090.613	0.182	0.186	2.098	4.592	1093.628	4.745	1	1	1														1.2	AD	Passing			
A001C0177_20210709184827_0001.MOV	175	0.0243			-97.563	51.671	-786.481	0.171	0.128	1.097	0.772	794.192	8.290	1	1	1														0	J	Passing			
A001C0177_20210709184827_0001.MOV	175	0.0243			58.269	52.820	-1169.970	0.203	0.188	2.411	4.722	1172.610	4.275	1	1	1														1	F	Passing			
A001C0177_20210709184827_0001.MOV	175	0.0243			51.231	55.173	-1165.629	0.195	0.189	2.393	4.615	1168.058	4.159	1	1	1														2	AD	Passing			
A001C0177_20210709184827_0001.MOV	175	0.0243			44.785	56.475	-1165.494	0.189	0.190	2.392	4.721	1167.720	4.030	1	1	1														3	AD	Passing			
A001C0177_20210709184827_0001.MOV	175	0.0243			38.074	58.643	-1161.869	0.182	0.192	2.377	4.469	1163.971	3.964	1	1	1														4	AD	Passing			
A001C0177_20210709184827_0001.MOV	175	0.0243			-21.726	59.599	-1063.794	0.157	0.177	1.993	3.090	1065.683	3.986	1	1	1														16	AD	Passing			
A001C0177_20210709184827_0001.MOV	175	0.0243			58.236	46.394	-1167.935	0.203	0.182	2.403	4.701	1170.306	4.052	1	1	1														1.2	AD	Passing			
A001C0177_20210709184827_0001.MOV	200	0.0278			-116.329	46.229	-800.822	0.194	0.127	1.138	0.303	810.547	9.124	1	1	1														0	J	Passing			
A001C0177_20210709184827_0001.MOV	200	0.0278			68.079	23.903	-1201.633	0.221	0.175	2.542	4.751	1203.797	3.681	1	1	1														1	F	Passing			
A001C0177_20210709184827_0001.MOV	200	0.0278			62.170	27.688	-1208.327	0.215	0.177	2.570	4.768	1210.242	3.513	1	1	1														2	AD	Passing			
A001C0177_20210709184827_0001.MOV	200	0.0278			55.711	29.286	-1214.999	0.208	0.179	2.597	5.014	1216.628	3.290	1	1	1														3	AD	Passing			
A001C0177_20210709184827_0001.MOV	200	0.0278			49.810	33.235	-1225.265	0.203	0.182	2.641	4.538	1226.727	3.173	1	1	1														4	AD	Passing			
A001C0177_20210709184827_0001.MOV	200	0.0278			-25.476	59.916	-1209.363	0.180	0.201	2.569	3.475	1211.115	3.645	1	1	1														16	AD	Passing			
A001C0177_20210709184827_0001.MOV	200	0.0278			66.818	21.533	-1180.338	0.216	0.171	2.453	4.514	1182.424	3.635	1	1	1														1.2	AD	Passing			
A001C0177_20210709184827_0001.MOV	225	0.0313			-133.557	38.059	-815.437	0.217	0.124	1.180	0.530	827.178	9.848	1	1	1														0	J	Passing			
A001C0177_20210709184827_0001.MOV	225	0.0313			77.205	-4.252	-1207.659	0.234	0.178	2.567	4.255	1210.131	3.680	1	1	1														1	F	Passing			
A001C0177_20210709184827_0001.MOV	225	0.0313			71.519	-2.593	-1222.025	0.229	0.180	2.627	4.056	1224.118	3.384	1	1	1														2	AD	Passing			
A001C0177_20210709184827_0001.MOV	225	0.0313			65.382	-1.750	-1232.863	0.223	0.181	2.673	4.467	1234.597	3.080	1	1	1														3	AD	Passing			
A001C0177_20210709184827_0001.MOV	225	0.0313			59.993	0.606	-1243.556	0.218	0.182	2.719	4.632	1245.002	2.833	1	1	1														4	AD	Passing			
A001C0177_20210709184827_0001.MOV	225	0.0313			-13.882	33.355	-1348.039	0.194	0.200	3.186	4.203	1348.523	2.106	1	1	1														16	AD	Passing			
A001C0177_20210709184827_0001.MOV	225	0.0313			77.420	-0.127	-1192.774	0.232	0.174	2.505	4.096	1195.284	3.761	1	1	1														1.2	AD	Passing			
A001C0177_20210709184827_0001.MOV	250	0.0348			-151.947	32.262	-829.825	0.243	0.124	1.223	0.912	844.238	10.744	1	1	1														0	J	Passing			
A001C0177_20210709184827_0001.MOV	250	0.0348			88.390	-22.904	-1220.045	0.253	0.192	2.620	4.137	1223.457	4.170	1	1	1														1	F	Passing			
A001C0177_20210709184827_0001.MOV	250	0.0348			81.809	-23.605	-1229.319	0.245	0.194	2.659	3.918	1232.264	3.839	1	1	1														2	AD	Passing			
A001C0177_20210709184827_0001.MOV	250	0.0348			75.614	-22.804	-1238.519	0.238	0.195	2.698	4.210	1241.034	3.522	1	1	1														3	AD	Passing			
A001C0177_20210709184827_0001.MOV	250	0.0348			69.303	-22.911	-1249.643	0.231	0.197	2.745	4.378	1251.773	3.205	1	1	1														4	AD	Passing			
A001C0177_20210709184827_0001.MOV	250	0.0348			-1.124	-6.889	-1410.159	0.200	0.211	3.483	5.066	1410.177	0.327	1	1	1														16	AD	Passing			
A001C0177_20210709184827_0001.MOV	250	0.0348			91.009	-16.805	-1221.253	0.257	0.187	2.625	4.325	1224.755	4.265	1	1	1														1.2	AD	Passing			
A001C0177_20210709184827_0001.MOV	275	0.0382			-172.167	30.337	-842.265	0.273	0.125	1.263	0.789	860.217	11.845	1	1	1														0	J	Passing			
A001C0177_20210709184827_0001.MOV	275	0.0382			100.924	-32.180	-1244.748	0.278	0.205	2.727	3.996	1249.247	4.716	1	1	1														1	F	Passing			
A001C0177_20210709184827_0001.MOV	275	0.0382			93.565	-33.637	-1248.984	0.267	0.207	2.744	4.120	1252.935	4.384	1	1	1														2	AD	Passing			
A001C0177_20210709184827_0001.MOV	275	0.0382			86.559	-32.755	-1254.766	0.258	0.207	2.769	4.306	1258.175	4.044	1	1	1														3	AD	Passing			
A001C0177_20210709184827_0001.MOV	275	0.0382			80.031	-33.822	-1260.344	0.249	0.210	2.793	4.203	1263.335	3.750	1	1	1														4	AD	Passing			
A001C0177_20210709184827_0001.MOV	275	0.0382			0.257	-35.370	-1383.762	0.197	0.233	3.354	4.973	1384.214	0.860	1	1	1														16	AD	Passing			
A001C0177_20210709184827_0001.MOV	275	0.0382			105.309	-30.279	-1259.829	0.289	0.206	2.793	4.312	1264.586	4.839	1	1	1														1.2	AD	Passing			
A001C0177_20210709184827_0001.MOV	300	0.0417			-191.974	30.540	-847.843	0.302	0.126	1.283	0.413	869.842	13.022	1	1	1														0	J	Passing			
A001C0177_20210709184827_0001.MOV	300	0.0417			114.486	-39.548	-1265.123	0.306	0.217	2.817	4.089	1270.908	5.302	1	1	1														1	F	Passing			
A001C0177_20210709184827_0001.MOV	300	0.0417			106.571	-40.115	-1269.270	0.293	0.218	2.834	3.857	1274.368	4.946	1	1	1														2	AD	Passing			
A001C0177_20210709184827_0001.MOV	300	0.0417			99.891	-39.433	-1279.714	0.284	0.220	2.880	3.915	1284.213	4.609	1	1	1														3	AD	Passing			
A001C0177_20210709184827_0001.MOV	300	0.0417			92.787	-41.025	-1283.839	0.274	0.222	2.898	4.325	1287.841	4.309	1	1	1														4	AD	Passing			
A001C0177_20210709184827_0001.MOV	300	0.0417			7.501	-49.938	-1346.760	0.192	0.246	3.178	5.046	1347.707	1.553	1	1	1														16	AD	Passing			
A001C0177_20210709184827_0001.MOV	300	0.0417			118.792	-42.464	-1283.723	0.318	0.224	2.900	3.966	1289.907	5.439	1	1	1														1.2	AD	Passing			
A001C0177_20210709184827_0001.MOV	375	0.0521			-238.865	22.716	-838.092	0.368	0.122	1.272	0.063	871.763	16.044	1	1	1														0	J	Passing			
A001C0177_20210709184827_0001.MOV	375	0.0521			164.308	-87.095	-1266.808	0.399	0.289	2.829	2.357	1280.385	8.086	1	1	1														1	F	Passing			
A001C0177_20210709184827_0001.MOV	375	0.0521			158.375	-82.979	-1276.440	0.391	0.284	2.871	2.624	1288.902	7.712	1	1	1														2	AD	Passing			
A001C0177_20210709184827_0001.MOV	375	0.0521			152.705	-81.524	-1288.014	0.383	0.284	2.922	2.594	1299.594	7.389	1	1	1														3	AD	Passing			
A001C0177_20210709184827_0001.MOV	375	0.0521			146.948	-78.057	-1295.238	0.374	0.280	2.954	2.965	1305.882	7.057	1	1	1														4	AD	Passing			
A001C0177_20210709184827_0001.MOV	375	0.0521			64.012	-51.679	-1315.524	0.236	0.242	3.038	4.355	1318.094	3.233	1	1	1														16	AD	Passing			
A001C0177_20210709184827_0001.MOV	375	0.0521			161.287	-91.162	-1253.581	0.389	0.292	2.771	2.018	1267.197	8.127	1	1	1														1.2	AD	Passing			
A001C0177_20210709184827_0001.MOV	400	0.0556			-252.073	17.160	-822.836	0.382	0.119	1.235	0.144	860.752	17.121	1	1	1														0	J	Passing			
A001C0177_20210709184827_0001.MOV	400	0.0556			169.339	-109.479	-1223.200	0.395	0.316	2.640	1.037	1239.709	9.047	1	1	1														1	F	Passing			
A001C0177_20210709184827_0001.MOV	400	0.0556			166.737	-106.516	-1245.206	0.397	0.317	2.734	1.309	1260.827	8.718	1	1	1														2	AD	Passing			
A001C0177_20210709184827_0001.MOV	400	0.0556			162.033	-105.677	-1256.106	0.391	0.319	2.781	1.658	1270.915	8.440	1	1	1														3	AD	Passing			
A001C0177_20210709184827_0001.MOV	400	0.0556			158.331	-102.066	-1273.027	0.390	0.316	2.855	1.932	1286.889	8.106	1	1	1														4	AD	Passing			
A001C0177_20210709184827_0001.MOV	400	0.0556			87.666	-65.952	-1355.309	0.280	0.273	3.225	3.869	1359.742	4.292	1	1	1														16	AD	Passing			
A001C0177_20210709184827_0001.MOV	400	0.0556			165.256	-110.648	-1209.931	0.383	0.315	2.583	0.999	1226.167	9.012	1	1	1														1.2	AD	Passing			
A001C0177_20210709184827_0001.MOV	425	0.0591			-267.322	2.955	-810.343	0.402	0.117	1.210	1.702	853.302	18.274	1	1	1														0	J	Passing			
A001C0177_20210709184827_0001.MOV	425	0.0591			164.801	-138.540	-1178.533	0.372	0.356	2.452	0.115	1198.037	9.975	1	1	1														1	F	Passing			
A001C0177_20210709184827_0001.MOV	425	0.0591			163.592	-137.075	-1198.240	0.376	0.359	2.534	0.355	1217.100	9.722	1	1	1														2	AD	Passing			
A001C0177_20210709184827_0001.MOV	425	0.0591			159.969	-136.283	-1211.813	0.374	0.362	2.590	0.096	1229.900	9.458	1	1	1														3	AD	Passing			
A001C0177_20210709184827_0001.MOV	425	0.0591			158.629	-134.599	-1232.527	0.378	0.365	2.678	0.453	1249.961	9.201	1	1	1														4	AD	Passing			
A001C0177_20210709184827_0001.MOV	425	0.0591			110.010	-97.889	-1380.536	0.326	0.337	3.346	3.173	1388.368	5.705	1	1	1														16	AD	Passing			
A001C0177_20210709184827_0001.MOV	425	0.0591			160.142	-136.160	-1163.831	0.359	0.347	2.391	0.080	1182.661	9.857	1	1	1														1.2	AD	Passing			