3D Point Measurements																																			
																												
Generated: Wednesday 03 November 2021 15:53:41																																			
																													
Filename	Frame	Time (mins)	Period	Period time (mins)	X (mm)	Y (mm)	Z (mm)	sX (mm)	sY (mm)	sZ (mm)	RMS (mm)	Range (mm)	Direction (deg)	OpCode	TapeReader	Depth	Comment									Family	Genus	Species	Code	Number	Stage	Activity	Comment		
A001C0170_20210709184247_0001.MOV	0	0.0000			-55.641	108.190	-1157.494	0.197	0.255	2.357	2.346	1163.870	6.543	1	1															0	J	Passing			
A001C0170_20210709184247_0001.MOV	0	0.0000			95.246	110.939	-1012.277	0.219	0.230	1.816	6.147	1022.783	8.686	1	1															1	F	Passing			
A001C0170_20210709184247_0001.MOV	0	0.0000			91.355	110.810	-1026.805	0.217	0.233	1.867	6.126	1036.799	8.437	1	1															2	AD	Passing			
A001C0170_20210709184247_0001.MOV	0	0.0000			88.176	108.379	-1039.987	0.216	0.232	1.914	6.093	1049.330	8.129	1	1															3	AD	Passing			
A001C0170_20210709184247_0001.MOV	0	0.0000			83.842	107.979	-1050.930	0.212	0.234	1.954	6.056	1059.785	7.897	1	1															4	AD	Passing			
A001C0170_20210709184247_0001.MOV	0	0.0000			8.172	112.678	-1235.841	0.177	0.279	2.686	4.142	1240.994	5.826	1	1															16	AD	Passing			
A001C0170_20210709184247_0001.MOV	0	0.0000			99.751	113.810	-997.426	0.222	0.231	1.764	6.774	1008.842	9.091	1	1															1b	AD	Passing			
A001C0170_20210709184247_0001.MOV	10	0.0014			-67.693	121.171	-1180.592	0.215	0.281	2.451	1.488	1188.723	7.239	1	1															0	J	Passing			
A001C0170_20210709184247_0001.MOV	10	0.0014			94.482	111.430	-1004.583	0.216	0.229	1.789	6.420	1015.151	8.744	1	1															1	F	Passing			
A001C0170_20210709184247_0001.MOV	10	0.0014			91.216	110.778	-1019.261	0.215	0.231	1.840	6.174	1029.313	8.489	1	1															2	AD	Passing			
A001C0170_20210709184247_0001.MOV	10	0.0014			88.036	107.631	-1030.959	0.214	0.229	1.882	6.144	1040.294	8.158	1	1															3	AD	Passing			
A001C0170_20210709184247_0001.MOV	10	0.0014			84.619	107.684	-1046.619	0.213	0.232	1.938	5.976	1055.541	7.939	1	1															4	AD	Passing			
A001C0170_20210709184247_0001.MOV	10	0.0014			15.468	107.254	-1239.445	0.180	0.271	2.702	4.503	1244.173	5.595	1	1															16	AD	Passing			
A001C0170_20210709184247_0001.MOV	10	0.0014			99.927	114.980	-996.152	0.221	0.232	1.760	6.840	1007.732	9.159	1	1															1b	AD	Passing			
A001C0170_20210709184247_0001.MOV	20	0.0028			-74.902	129.158	-1194.912	0.227	0.297	2.511	1.461	1204.204	7.651	1	1															0	J	Passing			
A001C0170_20210709184247_0001.MOV	20	0.0028			93.198	112.442	-998.369	0.213	0.229	1.767	6.300	1008.994	8.796	1	1															1	F	Passing			
A001C0170_20210709184247_0001.MOV	20	0.0028			89.992	111.442	-1012.147	0.212	0.231	1.815	6.132	1022.232	8.534	1	1															2	AD	Passing			
A001C0170_20210709184247_0001.MOV	20	0.0028			86.394	108.144	-1021.682	0.210	0.228	1.848	5.748	1031.015	8.196	1	1															3	AD	Passing			
A001C0170_20210709184247_0001.MOV	20	0.0028			83.122	106.987	-1035.209	0.208	0.229	1.897	5.829	1044.037	7.942	1	1															4	AD	Passing			
A001C0170_20210709184247_0001.MOV	20	0.0028			24.326	99.352	-1187.859	0.177	0.248	2.484	5.669	1192.255	5.510	1	1															16	AD	Passing			
A001C0170_20210709184247_0001.MOV	20	0.0028			98.984	115.507	-989.619	0.219	0.231	1.737	6.386	1001.242	9.206	1	1															1b	AD	Passing			
A001C0170_20210709184247_0001.MOV	30	0.0042			-80.146	136.728	-1225.791	0.240	0.318	2.641	1.106	1235.994	7.894	1	1															0	J	Passing			
A001C0170_20210709184247_0001.MOV	30	0.0042			91.353	113.403	-991.857	0.210	0.229	1.744	6.237	1002.490	8.831	1	1															1	F	Passing			
A001C0170_20210709184247_0001.MOV	30	0.0042			88.256	111.806	-1004.796	0.209	0.229	1.789	6.095	1014.842	8.551	1	1															2	AD	Passing			
A001C0170_20210709184247_0001.MOV	30	0.0042			84.076	108.140	-1012.676	0.205	0.226	1.816	6.052	1021.898	8.189	1	1															3	AD	Passing			
A001C0170_20210709184247_0001.MOV	30	0.0042			81.253	106.669	-1026.667	0.204	0.227	1.866	5.832	1035.386	7.930	1	1															4	AD	Passing			
A001C0170_20210709184247_0001.MOV	30	0.0042			26.088	94.710	-1227.499	0.183	0.249	2.651	4.484	1231.424	5.161	1	1															16	AD	Passing			
A001C0170_20210709184247_0001.MOV	30	0.0042			96.974	116.155	-982.185	0.215	0.231	1.711	6.508	993.772	9.230	1	1															1b	AD	Passing			
A001C0170_20210709184247_0001.MOV	40	0.0056			-82.193	138.529	-1257.702	0.250	0.329	2.779	0.978	1267.975	7.824	1	1															0	J	Passing			
A001C0170_20210709184247_0001.MOV	40	0.0056			89.470	113.856	-985.456	0.206	0.228	1.722	6.196	996.038	8.842	1	1															1	F	Passing			
A001C0170_20210709184247_0001.MOV	40	0.0056			86.227	111.460	-995.918	0.204	0.227	1.758	6.048	1005.839	8.540	1	1															2	AD	Passing			
A001C0170_20210709184247_0001.MOV	40	0.0056			82.071	107.891	-1004.587	0.201	0.224	1.788	5.568	1013.692	8.174	1	1															3	AD	Passing			
A001C0170_20210709184247_0001.MOV	40	0.0056			79.044	105.503	-1014.446	0.199	0.223	1.822	5.836	1022.976	7.896	1	1															4	AD	Passing			
A001C0170_20210709184247_0001.MOV	40	0.0056			30.318	85.606	-1211.139	0.184	0.233	2.581	4.698	1214.539	4.862	1	1															16	AD	Passing			
A001C0170_20210709184247_0001.MOV	40	0.0056			95.520	116.463	-977.532	0.212	0.230	1.695	6.308	989.069	9.235	1	1															1b	AD	Passing			
A001C0170_20210709184247_0001.MOV	50	0.0070			-84.975	134.226	-1294.045	0.261	0.329	2.940	0.241	1303.760	7.516	1	1															0	J	Passing			
A001C0170_20210709184247_0001.MOV	50	0.0070			88.125	113.816	-978.958	0.203	0.227	1.699	6.108	989.484	8.850	1	1															1	F	Passing			
A001C0170_20210709184247_0001.MOV	50	0.0070			84.924	110.815	-988.138	0.201	0.225	1.731	5.979	997.952	8.530	1	1															2	AD	Passing			
A001C0170_20210709184247_0001.MOV	50	0.0070			80.388	107.413	-994.242	0.197	0.221	1.751	5.692	1003.254	8.177	1	1															3	AD	Passing			
A001C0170_20210709184247_0001.MOV	50	0.0070			77.377	104.561	-1005.136	0.196	0.220	1.789	5.551	1013.518	7.868	1	1															4	AD	Passing			
A001C0170_20210709184247_0001.MOV	50	0.0070			33.617	74.660	-1147.385	0.177	0.207	2.319	6.362	1150.303	4.639	1	1															16	AD	Passing			
A001C0170_20210709184247_0001.MOV	50	0.0070			93.876	115.641	-969.553	0.208	0.227	1.668	6.196	980.927	9.211	1	1															1b	AD	Passing			
A001C0170_20210709184247_0001.MOV	60	0.0083			-88.095	123.391	-1318.793	0.271	0.315	3.052	0.887	1327.479	7.058	1	1															0	J	Passing			
A001C0170_20210709184247_0001.MOV	60	0.0083			86.796	112.732	-971.875	0.200	0.224	1.675	6.076	982.234	8.815	1	1															1	F	Passing			
A001C0170_20210709184247_0001.MOV	60	0.0083			83.533	109.521	-981.182	0.198	0.221	1.706	5.904	990.803	8.479	1	1															2	AD	Passing			
A001C0170_20210709184247_0001.MOV	60	0.0083			78.677	106.412	-987.758	0.194	0.219	1.729	5.690	996.584	8.125	1	1															3	AD	Passing			
A001C0170_20210709184247_0001.MOV	60	0.0083			75.541	103.425	-997.054	0.192	0.217	1.761	5.580	1005.246	7.816	1	1															4	AD	Passing			
A001C0170_20210709184247_0001.MOV	60	0.0083			30.644	63.343	-1151.725	0.175	0.195	2.336	4.402	1153.872	4.049	1	1															16	AD	Passing			
A001C0170_20210709184247_0001.MOV	60	0.0083			92.670	114.394	-961.206	0.205	0.224	1.640	6.310	972.415	9.185	1	1															1b	AD	Passing			
A001C0170_20210709184247_0001.MOV	70	0.0097			-94.502	105.944	-1347.061	0.288	0.290	3.182	1.735	1354.521	6.480	1	1															0	J	Passing			
A001C0170_20210709184247_0001.MOV	70	0.0097			85.905	110.625	-966.285	0.198	0.220	1.656	5.779	976.383	8.733	1	1															1	F	Passing			
A001C0170_20210709184247_0001.MOV	70	0.0097			81.863	107.226	-973.342	0.194	0.217	1.679	6.096	982.646	8.379	1	1															2	AD	Passing			
A001C0170_20210709184247_0001.MOV	70	0.0097			76.969	104.918	-981.805	0.191	0.215	1.708	5.628	990.391	8.045	1	1															3	AD	Passing			
A001C0170_20210709184247_0001.MOV	70	0.0097			73.767	101.341	-991.188	0.189	0.213	1.740	5.678	999.082	7.704	1	1															4	AD	Passing			
A001C0170_20210709184247_0001.MOV	70	0.0097			28.831	54.395	-1125.147	0.170	0.182	2.230	4.285	1126.829	3.677	1	1															16	AD	Passing			
A001C0170_20210709184247_0001.MOV	70	0.0097			91.571	111.858	-957.465	0.203	0.219	1.627	6.092	968.316	9.061	1	1															1b	AD	Passing			
A001C0170_20210709184247_0001.MOV	80	0.0111			-101.059	86.887	-1368.340	0.304	0.262	3.282	2.350	1374.815	5.974	1	1															0	J	Passing			
A001C0170_20210709184247_0001.MOV	80	0.0111			85.618	108.021	-962.226	0.197	0.215	1.642	6.169	972.048	8.634	1	1															1	F	Passing			
A001C0170_20210709184247_0001.MOV	80	0.0111			81.596	104.619	-969.175	0.193	0.212	1.665	5.898	978.214	8.280	1	1															2	AD	Passing			
A001C0170_20210709184247_0001.MOV	80	0.0111			76.339	101.955	-975.219	0.189	0.210	1.685	5.516	983.501	7.933	1	1															3	AD	Passing			
A001C0170_20210709184247_0001.MOV	80	0.0111			72.767	98.861	-983.319	0.186	0.208	1.713	5.361	990.952	7.611	1	1															4	AD	Passing			
A001C0170_20210709184247_0001.MOV	80	0.0111			24.243	47.556	-1093.691	0.163	0.172	2.108	3.966	1094.993	3.344	1	1															16	AD	Passing			
A001C0170_20210709184247_0001.MOV	80	0.0111			90.743	108.196	-947.824	0.200	0.213	1.594	6.140	958.285	8.945	1	1															1b	AD	Passing			
A001C0170_20210709184247_0001.MOV	90	0.0125			-110.420	61.618	-1413.266	0.331	0.234	3.498	2.125	1418.912	5.433	1	1															0	J	Passing			
A001C0170_20210709184247_0001.MOV	90	0.0125			85.777	103.902	-955.581	0.195	0.209	1.620	5.774	965.033	8.500	1	1															1	F	Passing			
A001C0170_20210709184247_0001.MOV	90	0.0125			81.589	100.720	-963.720	0.192	0.206	1.647	5.800	972.398	8.139	1	1															2	AD	Passing			
A001C0170_20210709184247_0001.MOV	90	0.0125			76.353	98.962	-970.936	0.188	0.206	1.671	5.432	978.948	7.823	1	1															3	AD	Passing			
A001C0170_20210709184247_0001.MOV	90	0.0125			72.416	95.447	-977.816	0.185	0.203	1.694	5.167	985.129	7.476	1	1															4	AD	Passing			
A001C0170_20210709184247_0001.MOV	90	0.0125			20.591	41.686	-1068.112	0.157	0.164	2.011	3.807	1069.123	3.046	1	1															16	AD	Passing			
A001C0170_20210709184247_0001.MOV	90	0.0125			91.522	104.345	-948.486	0.201	0.208	1.597	6.224	958.587	8.788	1	1															1b	AD	Passing			
A001C0170_20210709184247_0001.MOV	100	0.0139			-120.382	36.504	-1445.162	0.358	0.216	3.655	3.778	1450.627	5.182	1	1															0	J	Passing			
A001C0170_20210709184247_0001.MOV	100	0.0139			92.360	103.433	-984.988	0.209	0.214	1.720	5.087	994.701	8.474	1	1															1	F	Passing			
A001C0170_20210709184247_0001.MOV	100	0.0139			87.685	101.103	-989.969	0.205	0.212	1.737	4.400	998.974	8.165	1	1															2	AD	Passing			
A001C0170_20210709184247_0001.MOV	100	0.0139			82.759	99.447	-1000.158	0.201	0.212	1.772	4.530	1008.491	7.845	1	1															3	AD	Passing			
A001C0170_20210709184247_0001.MOV	100	0.0139			77.371	96.563	-1000.035	0.194	0.208	1.771	3.208	1007.661	7.534	1	1															4	AD	Passing			
A001C0170_20210709184247_0001.MOV	100	0.0139			17.083	39.203	-1049.604	0.153	0.160	1.942	3.862	1050.475	2.897	1	1															16	AD	Passing			
A001C0170_20210709184247_0001.MOV	100	0.0139			96.147	103.063	-966.944	0.210	0.210	1.659	5.575	977.163	8.745	1	1															1b	AD	Passing			
A001C0170_20210709184247_0001.MOV	110	0.0153			-136.706	16.435	-1486.681	0.403	0.215	3.867	4.817	1493.044	5.397	1	1															0	J	Passing			
A001C0170_20210709184247_0001.MOV	110	0.0153			88.035	95.676	-950.264	0.197	0.198	1.602	5.505	959.117	8.246	1	1															1	F	Passing			
A001C0170_20210709184247_0001.MOV	110	0.0153			83.506	92.638	-957.277	0.193	0.195	1.625	5.428	965.367	7.882	1	1															2	AD	Passing			
A001C0170_20210709184247_0001.MOV	110	0.0153			78.888	91.952	-967.959	0.190	0.197	1.660	5.486	975.512	7.603	1	1															3	AD	Passing			
A001C0170_20210709184247_0001.MOV	110	0.0153			74.204	89.300	-973.823	0.186	0.194	1.680	5.218	980.720	7.274	1	1															4	AD	Passing			
A001C0170_20210709184247_0001.MOV	110	0.0153			14.063	38.150	-1037.853	0.150	0.157	1.899	3.976	1038.649	2.818	1	1															16	AD	Passing			
A001C0170_20210709184247_0001.MOV	110	0.0153			92.563	96.563	-940.007	0.200	0.197	1.568	5.746	949.476	8.545	1	1															1b	AD	Passing			
A001C0170_20210709184247_0001.MOV	120	0.0167			-152.132	-2.661	-1509.246	0.444	0.224	3.984	4.999	1516.896	5.778	1	1															0	J	Passing			
A001C0170_20210709184247_0001.MOV	120	0.0167			90.110	91.674	-948.680	0.199	0.193	1.597	5.891	957.349	8.158	1	1															1	F	Passing			
A001C0170_20210709184247_0001.MOV	120	0.0167			85.022	89.485	-953.511	0.194	0.191	1.612	5.522	961.467	7.825	1	1															1	F	Passing			
A001C0170_20210709184247_0001.MOV	120	0.0167			80.442	89.175	-965.309	0.191	0.193	1.652	5.099	972.751	7.551	1	1															3	AD	Passing			
A001C0170_20210709184247_0001.MOV	120	0.0167			75.777	86.715	-971.225	0.187	0.191	1.671	5.424	978.029	7.228	1	1															4	AD	Passing			
A001C0170_20210709184247_0001.MOV	120	0.0167			12.449	40.079	-1030.075	0.149	0.157	1.871	3.436	1030.930	2.916	1	1															16	AD	Passing			
A001C0170_20210709184247_0001.MOV	120	0.0167			93.631	92.896	-936.117	0.200	0.192	1.556	6.002	945.363	8.456	1	1															1b	AD	Passing			
A001C0170_20210709184247_0001.MOV	130	0.0181			-174.167	-20.548	-1576.456	0.517	0.250	4.346	5.490	1586.180	6.306	1	1															0	J	Passing			
A001C0170_20210709184247_0001.MOV	130	0.0181			92.145	88.337	-944.698	0.201	0.188	1.584	5.709	953.283	8.125	1	1															1	F	Passing			
A001C0170_20210709184247_0001.MOV	130	0.0181			87.302	86.925	-952.417	0.196	0.188	1.609	5.555	960.352	7.808	1	1															2	AD	Passing			
A001C0170_20210709184247_0001.MOV	130	0.0181			83.473	86.769	-965.085	0.195	0.190	1.651	5.428	972.567	7.558	1	1															3	AD	Passing			
A001C0170_20210709184247_0001.MOV	130	0.0181			78.528	84.928	-971.994	0.190	0.189	1.674	5.288	978.853	7.242	1	1															4	AD	Passing			
A001C0170_20210709184247_0001.MOV	130	0.0181			9.957	44.372	-1035.599	0.149	0.161	1.891	3.711	1036.597	3.107	1	1															16	AD	Passing			
A001C0170_20210709184247_0001.MOV	130	0.0181			95.060	89.872	-932.018	0.201	0.187	1.542	5.796	941.154	8.416	1	1															1b	AD	Passing			
A001C0170_20210709184247_0001.MOV	140	0.0195			-196.958	-37.002	-1636.129	0.595	0.283	4.681	6.467	1648.357	6.897	1	1															0	J	Passing			
A001C0170_20210709184247_0001.MOV	140	0.0195			93.840	86.004	-944.837	0.203	0.185	1.584	5.763	953.372	8.093	1	1															1	F	Passing			
A001C0170_20210709184247_0001.MOV	140	0.0195			88.415	84.586	-949.828	0.197	0.185	1.600	5.401	957.677	7.770	1	1															2	AD	Passing			
A001C0170_20210709184247_0001.MOV	140	0.0195			85.061	84.114	-963.709	0.196	0.187	1.646	5.295	971.106	7.513	1	1															3	AD	Passing			
A001C0170_20210709184247_0001.MOV	140	0.0195			80.626	83.624	-973.278	0.193	0.188	1.678	5.161	980.186	7.253	1	1															4	AD	Passing			
A001C0170_20210709184247_0001.MOV	140	0.0195			9.201	49.245	-1036.628	0.149	0.164	1.895	3.525	1037.838	3.363	1	1															16	AD	Passing			
A001C0170_20210709184247_0001.MOV	140	0.0195			96.107	87.289	-929.551	0.202	0.184	1.534	5.670	938.574	8.369	1	1															1b	AD	Passing			
A001C0170_20210709184247_0001.MOV	150	0.0209			-229.151	-54.709	-1691.149	0.703	0.326	5.004	7.705	1707.480	7.812	1	1															0	J	Passing			
A001C0170_20210709184247_0001.MOV	150	0.0209			94.487	83.204	-939.804	0.202	0.181	1.567	5.634	948.200	8.042	1	1															1	F	Passing			
A001C0170_20210709184247_0001.MOV	150	0.0209			90.058	82.433	-949.155	0.199	0.182	1.598	5.484	956.974	7.750	1	1															2	AD	Passing			
A001C0170_20210709184247_0001.MOV	150	0.0209			86.545	81.784	-959.380	0.197	0.183	1.632	5.435	966.741	7.503	1	1															3	AD	Passing			
A001C0170_20210709184247_0001.MOV	150	0.0209			82.343	81.273	-970.063	0.194	0.185	1.668	5.410	976.938	7.238	1	1															4	AD	Passing			
A001C0170_20210709184247_0001.MOV	150	0.0209			9.602	55.919	-1051.440	0.151	0.172	1.949	3.741	1052.970	3.686	1	1															16	AD	Passing			
A001C0170_20210709184247_0001.MOV	150	0.0209			97.417	86.097	-928.729	0.203	0.183	1.532	5.663	937.785	8.381	1	1															1b	AD	Passing			
A001C0170_20210709184247_0001.MOV	160	0.0222			-261.974	-66.120	-1731.380	0.813	0.358	5.251	8.836	1752.335	8.741	1	1															0	J	Passing			
A001C0170_20210709184247_0001.MOV	160	0.0222			94.082	80.965	-937.310	0.201	0.179	1.559	5.559	945.493	7.951	1	1															1	F	Passing			
A001C0170_20210709184247_0001.MOV	160	0.0222			89.821	80.526	-946.719	0.198	0.180	1.590	5.436	954.374	7.678	1	1															2	AD	Passing			
A001C0170_20210709184247_0001.MOV	160	0.0222			87.417	79.656	-960.890	0.198	0.181	1.637	5.363	968.140	7.437	1	1															3	AD	Passing			
A001C0170_20210709184247_0001.MOV	160	0.0222			83.059	79.166	-970.433	0.195	0.182	1.669	5.320	977.193	7.173	1	1															4	AD	Passing			
A001C0170_20210709184247_0001.MOV	160	0.0222			10.275	61.993	-1067.037	0.154	0.180	2.007	3.856	1068.885	3.968	1	1															16	AD	Passing			
A001C0170_20210709184247_0001.MOV	160	0.0222			97.011	84.130	-925.979	0.202	0.180	1.523	5.617	934.840	8.303	1	1															1b	AD	Passing			
A001C0170_20210709184247_0001.MOV	170	0.0236			-304.134	-83.745	-1810.150	0.979	0.419	5.748	8.919	1837.431	9.742	1	1															0	J	Passing			
A001C0170_20210709184247_0001.MOV	170	0.0236			92.396	78.934	-933.648	0.198	0.176	1.547	5.647	941.523	7.822	1	1															1	F	Passing			
A001C0170_20210709184247_0001.MOV	170	0.0236			88.558	78.611	-942.693	0.196	0.177	1.576	5.337	950.101	7.574	1	1															2	AD	Passing			
A001C0170_20210709184247_0001.MOV	170	0.0236			86.191	76.970	-956.095	0.196	0.177	1.621	5.137	963.053	7.308	1	1															3	AD	Passing			
A001C0170_20210709184247_0001.MOV	170	0.0236			82.388	76.985	-969.028	0.194	0.180	1.664	5.128	975.567	7.063	1	1															4	AD	Passing			
A001C0170_20210709184247_0001.MOV	170	0.0236			12.654	66.626	-1087.819	0.157	0.188	2.085	3.831	1089.931	4.162	1	1															16	AD	Passing			
A001C0170_20210709184247_0001.MOV	170	0.0236			95.942	82.664	-925.350	0.201	0.178	1.520	5.485	933.976	8.200	1	1															1b	AD	Passing			
A001C0170_20210709184247_0001.MOV	180	0.0250			-346.552	-98.782	-1841.448	1.131	0.467	5.967	11.017	1876.376	10.922	1	1															0	J	Passing			
A001C0170_20210709184247_0001.MOV	180	0.0250			90.475	78.095	-931.988	0.196	0.175	1.541	5.473	939.620	7.716	1	1															1	F	Passing			
A001C0170_20210709184247_0001.MOV	180	0.0250			86.826	77.560	-943.206	0.194	0.176	1.578	5.170	950.365	7.453	1	1															2	AD	Passing			
A001C0170_20210709184247_0001.MOV	180	0.0250			84.904	75.368	-954.422	0.194	0.176	1.615	5.225	961.151	7.199	1	1															3	AD	Passing			
A001C0170_20210709184247_0001.MOV	180	0.0250			81.506	75.286	-966.288	0.193	0.177	1.655	5.146	972.637	6.974	1	1															4	AD	Passing			
A001C0170_20210709184247_0001.MOV	180	0.0250			16.029	70.458	-1112.191	0.162	0.196	2.179	4.002	1114.536	4.308	1	1															16	AD	Passing			
A001C0170_20210709184247_0001.MOV	180	0.0250			93.813	81.183	-920.448	0.197	0.176	1.504	5.669	928.771	8.085	1	1															1b	AD	Passing			
A001C0170_20210709184247_0001.MOV	190	0.0264			-383.372	-106.523	-1842.845	1.253	0.490	6.000	12.562	1885.312	12.036	1	1															0	J	Passing			
A001C0170_20210709184247_0001.MOV	190	0.0264			88.125	77.772	-928.555	0.192	0.174	1.530	5.347	935.964	7.627	1	1															1	F	Passing			
A001C0170_20210709184247_0001.MOV	190	0.0264			85.223	77.090	-940.296	0.192	0.175	1.568	5.260	947.292	7.387	1	1															2	AD	Passing			
A001C0170_20210709184247_0001.MOV	190	0.0264			83.089	74.338	-951.031	0.191	0.174	1.603	5.185	957.543	7.103	1	1															3	AD	Passing			
A001C0170_20210709184247_0001.MOV	190	0.0264			79.988	73.980	-962.883	0.190	0.176	1.643	5.081	969.028	6.880	1	1															4	AD	Passing			
A001C0170_20210709184247_0001.MOV	190	0.0264			20.793	72.294	-1124.500	0.165	0.201	2.227	4.233	1127.013	4.411	1	1															16	AD	Passing			
A001C0170_20210709184247_0001.MOV	190	0.0264			91.415	81.518	-916.620	0.194	0.175	1.492	5.621	924.767	8.026	1	1															1b	AD	Passing			
A001C0170_20210709184247_0001.MOV	200	0.0278			-414.673	-117.231	-1823.219	1.345	0.516	5.903	13.479	1873.452	13.146	1	1															0	J	Passing			
A001C0170_20210709184247_0001.MOV	200	0.0278			85.387	78.412	-922.601	0.188	0.173	1.511	5.223	929.856	7.584	1	1															1	F	Passing			
A001C0170_20210709184247_0001.MOV	200	0.0278			83.216	77.267	-937.670	0.189	0.175	1.559	5.325	944.521	7.330	1	1															2	AD	Passing			
A001C0170_20210709184247_0001.MOV	200	0.0278			80.786	74.931	-950.866	0.189	0.174	1.603	5.217	957.229	7.035	1	1															3	AD	Passing			
A001C0170_20210709184247_0001.MOV	200	0.0278			78.097	73.833	-960.892	0.188	0.175	1.636	5.109	966.883	6.811	1	1															4	AD	Passing			
A001C0170_20210709184247_0001.MOV	200	0.0278			25.536	69.460	-1134.425	0.169	0.199	2.267	4.311	1136.836	4.305	1	1															16	AD	Passing			
A001C0170_20210709184247_0001.MOV	200	0.0278			89.988	81.710	-917.082	0.192	0.176	1.493	5.388	925.102	7.969	1	1															1b	AD	Passing			
A001C0170_20210709184247_0001.MOV	210	0.0292			-446.753	-128.472	-1848.264	1.474	0.558	6.093	14.431	1905.827	13.963	1	1															0	J	Passing			
A001C0170_20210709184247_0001.MOV	210	0.0292			83.749	80.204	-923.593	0.187	0.175	1.514	5.218	930.844	7.587	1	1															1	F	Passing			
A001C0170_20210709184247_0001.MOV	210	0.0292			81.172	78.999	-936.497	0.186	0.176	1.556	5.212	943.322	7.330	1	1															2	AD	Passing			
A001C0170_20210709184247_0001.MOV	210	0.0292			78.350	75.459	-945.097	0.185	0.174	1.583	5.169	951.336	6.998	1	1															3	AD	Passing			
A001C0170_20210709184247_0001.MOV	210	0.0292			75.844	74.175	-954.916	0.184	0.174	1.616	4.867	960.790	6.775	1	1															4	AD	Passing			
A001C0170_20210709184247_0001.MOV	210	0.0292			30.483	67.476	-1142.978	0.174	0.198	2.301	4.375	1145.374	4.264	1	1															16	AD	Passing			
A001C0170_20210709184247_0001.MOV	210	0.0292			88.672	82.873	-916.912	0.191	0.177	1.493	5.490	924.910	7.965	1	1															1b	AD	Passing			
A001C0170_20210709184247_0001.MOV	220	0.0306			-473.189	-128.991	-1854.245	1.573	0.564	6.162	13.860	1918.012	14.668	1	1															0	J	Passing			
A001C0170_20210709184247_0001.MOV	220	0.0306			82.232	82.762	-922.779	0.185	0.178	1.511	5.217	930.125	7.646	1	1															1	F	Passing			
A001C0170_20210709184247_0001.MOV	220	0.0306			79.460	80.450	-930.059	0.183	0.177	1.534	5.084	936.907	7.374	1	1															2	AD	Passing			
A001C0170_20210709184247_0001.MOV	220	0.0306			76.069	77.525	-939.801	0.181	0.175	1.566	4.947	946.056	7.036	1	1															3	AD	Passing			
A001C0170_20210709184247_0001.MOV	220	0.0306			74.109	75.859	-951.686	0.182	0.176	1.605	4.846	957.576	6.804	1	1															4	AD	Passing			
A001C0170_20210709184247_0001.MOV	220	0.0306			32.689	61.911	-1134.320	0.174	0.191	2.267	4.351	1136.478	4.076	1	1															16	AD	Passing			
A001C0170_20210709184247_0001.MOV	220	0.0306			87.037	84.688	-913.572	0.188	0.178	1.482	5.355	921.608	8.005	1	1															1b	AD	Passing			
A001C0170_20210709184247_0001.MOV	230	0.0320			-502.050	-132.244	-1864.446	1.688	0.580	6.267	14.833	1935.381	15.417	1	1															0	J	Passing			
A001C0170_20210709184247_0001.MOV	230	0.0320			294.361	121.096	-1411.789	0.746	0.334	3.541	11.874	1447.226	12.947	1	1															0.1	J	Passing			
A001C0170_20210709184247_0001.MOV	230	0.0320			80.289	85.544	-920.122	0.182	0.180	1.502	5.278	927.571	7.718	1	1															1	F	Passing			
A001C0170_20210709184247_0001.MOV	230	0.0320			77.841	83.169	-930.122	0.181	0.180	1.535	5.163	937.071	7.435	1	1															2	AD	Passing			
A001C0170_20210709184247_0001.MOV	230	0.0320			74.192	80.072	-937.350	0.179	0.177	1.558	4.833	943.685	7.098	1	1															3	AD	Passing			
A001C0170_20210709184247_0001.MOV	230	0.0320			71.472	77.972	-947.032	0.178	0.177	1.589	5.000	952.921	6.830	1	1															4	AD	Passing			
A001C0170_20210709184247_0001.MOV	230	0.0320			34.762	56.751	-1123.468	0.174	0.184	2.224	4.083	1125.438	3.918	1	1															16	AD	Passing			
A001C0170_20210709184247_0001.MOV	230	0.0320			85.545	87.397	-910.931	0.186	0.181	1.473	5.378	919.104	8.089	1	1															1b	AD	Passing			
A001C0170_20210709184247_0001.MOV	240	0.0334			286.197	117.066	-1441.886	0.741	0.333	3.688	11.625	1474.669	12.345	1	1															0.1	J	Passing			
A001C0170_20210709184247_0001.MOV	240	0.0334			78.937	89.458	-920.418	0.181	0.185	1.503	5.217	928.118	7.849	1	1															1	F	Passing			
A001C0170_20210709184247_0001.MOV	240	0.0334			76.322	86.928	-929.785	0.180	0.184	1.533	4.995	936.953	7.556	1	1															2	AD	Passing			
A001C0170_20210709184247_0001.MOV	240	0.0334			72.329	84.170	-939.612	0.177	0.182	1.565	4.943	946.143	7.205	1	1															3	AD	Passing			
A001C0170_20210709184247_0001.MOV	240	0.0334			69.806	81.230	-946.931	0.176	0.180	1.589	4.810	952.969	6.922	1	1															4	AD	Passing			
A001C0170_20210709184247_0001.MOV	240	0.0334			33.752	52.198	-1111.780	0.171	0.178	2.178	4.139	1113.516	3.722	1	1															16	AD	Passing			
A001C0170_20210709184247_0001.MOV	240	0.0334			84.123	90.844	-911.610	0.185	0.185	1.476	5.548	919.979	8.188	1	1															1b	AD	Passing			
A001C0170_20210709184247_0001.MOV	250	0.0348			280.917	115.096	-1494.458	0.755	0.339	3.955	11.775	1524.981	11.725	1	1															0.1	J	Passing			
A001C0170_20210709184247_0001.MOV	250	0.0348			77.595	94.580	-922.806	0.180	0.191	1.511	5.339	930.879	8.028	1	1															1	F	Passing			
A001C0170_20210709184247_0001.MOV	250	0.0348			74.869	91.390	-931.205	0.178	0.189	1.538	5.235	938.669	7.707	1	1															2	AD	Passing			
A001C0170_20210709184247_0001.MOV	250	0.0348			70.296	88.435	-936.261	0.175	0.186	1.554	5.174	943.052	7.363	1	1															3	AD	Passing			
A001C0170_20210709184247_0001.MOV	250	0.0348			67.925	85.449	-945.747	0.174	0.185	1.585	4.955	952.025	7.067	1	1															4	AD	Passing			
A001C0170_20210709184247_0001.MOV	250	0.0348			31.431	48.590	-1094.397	0.167	0.173	2.111	4.445	1095.926	3.549	1	1															16	AD	Passing			
A001C0170_20210709184247_0001.MOV	250	0.0348			82.516	95.776	-913.403	0.183	0.191	1.481	5.754	922.111	8.347	1	1															1b	AD	Passing			
A001C0170_20210709184247_0001.MOV	260	0.0361			271.365	111.529	-1530.144	0.748	0.339	4.141	11.727	1558.017	11.098	1	1															0.1	J	Passing			
A001C0170_20210709184247_0001.MOV	260	0.0361			77.230	100.635	-927.226	0.180	0.199	1.526	5.344	935.863	8.278	1	1															1	F	Passing			
A001C0170_20210709184247_0001.MOV	260	0.0361			74.192	97.647	-937.928	0.179	0.198	1.560	5.395	945.911	7.939	1	1															2	AD	Passing			
A001C0170_20210709184247_0001.MOV	260	0.0361			69.298	94.612	-940.869	0.175	0.194	1.569	5.136	948.150	7.601	1	1															3	AD	Passing			
A001C0170_20210709184247_0001.MOV	260	0.0361			66.317	91.577	-949.531	0.173	0.193	1.598	4.973	956.239	7.289	1	1															4	AD	Passing			
A001C0170_20210709184247_0001.MOV	260	0.0361			28.749	47.767	-1081.045	0.163	0.170	2.060	4.140	1082.482	3.484	1	1															16	AD	Passing			
A001C0170_20210709184247_0001.MOV	260	0.0361			82.209	101.442	-916.308	0.183	0.198	1.491	5.652	925.564	8.588	1	1															1b	AD	Passing			
A001C0170_20210709184247_0001.MOV	270	0.0375			264.871	108.422	-1583.623	0.757	0.343	4.429	11.121	1609.278	10.488	1	1															0.1	J	Passing			
A001C0170_20210709184247_0001.MOV	270	0.0375			77.419	107.161	-932.636	0.181	0.208	1.543	5.502	941.959	8.565	1	1															1	F	Passing			
A001C0170_20210709184247_0001.MOV	270	0.0375			73.485	103.193	-935.702	0.178	0.204	1.553	5.316	944.239	8.210	1	1															2	AD	Passing			
A001C0170_20210709184247_0001.MOV	270	0.0375			69.049	101.359	-945.691	0.175	0.204	1.586	5.260	953.610	7.896	1	1															3	AD	Passing			
A001C0170_20210709184247_0001.MOV	270	0.0375			65.911	97.757	-953.144	0.173	0.201	1.610	4.916	960.409	7.560	1	1															4	AD	Passing			
A001C0170_20210709184247_0001.MOV	270	0.0375			22.642	49.994	-1065.493	0.158	0.169	2.002	4.252	1066.905	3.508	1	1															16	AD	Passing			
A001C0170_20210709184247_0001.MOV	270	0.0375			81.849	107.807	-919.765	0.184	0.206	1.502	5.739	929.671	8.861	1	1															1b	AD	Passing			
A001C0170_20210709184247_0001.MOV	280	0.0389			256.509	103.518	-1628.797	0.756	0.342	4.680	10.287	1652.117	9.880	1	1															0.1	J	Passing			
A001C0170_20210709184247_0001.MOV	280	0.0389			79.041	113.549	-940.233	0.185	0.218	1.569	5.695	950.358	8.873	1	1															1	F	Passing			
A001C0170_20210709184247_0001.MOV	280	0.0389			75.057	110.350	-946.814	0.182	0.215	1.590	5.521	956.173	8.529	1	1															2	AD	Passing			
A001C0170_20210709184247_0001.MOV	280	0.0389			70.228	108.609	-954.781	0.178	0.215	1.616	5.353	963.502	8.228	1	1															3	AD	Passing			
A001C0170_20210709184247_0001.MOV	280	0.0389			66.521	104.981	-960.149	0.175	0.211	1.634	5.183	968.159	7.892	1	1															4	AD	Passing			
A001C0170_20210709184247_0001.MOV	280	0.0389			19.796	52.847	-1054.309	0.155	0.170	1.960	3.650	1055.818	3.636	1	1															16	AD	Passing			
A001C0170_20210709184247_0001.MOV	280	0.0389			83.291	113.806	-927.145	0.187	0.215	1.526	5.943	937.809	9.143	1	1															1b	AD	Passing			
A001C0170_20210709184247_0001.MOV	290	0.0403			246.870	97.087	-1675.119	0.750	0.337	4.943	9.976	1695.993	9.237	1	1															0.1	J	Passing			
A001C0170_20210709184247_0001.MOV	290	0.0403			81.490	118.898	-947.531	0.189	0.227	1.593	5.964	958.432	9.155	1	1															1	F	Passing			
A001C0170_20210709184247_0001.MOV	290	0.0403			77.387	115.390	-951.638	0.185	0.223	1.606	5.682	961.726	8.815	1	1															2	AD	Passing			
A001C0170_20210709184247_0001.MOV	290	0.0403			72.714	114.589	-963.256	0.182	0.224	1.645	5.627	972.770	8.536	1	1															3	AD	Passing			
A001C0170_20210709184247_0001.MOV	290	0.0403			68.764	111.339	-971.188	0.180	0.222	1.671	5.362	979.964	8.194	1	1															4	AD	Passing			
A001C0170_20210709184247_0001.MOV	290	0.0403			15.658	58.531	-1042.909	0.152	0.173	1.918	3.761	1044.667	3.912	1	1															16	AD	Passing			
A001C0170_20210709184247_0001.MOV	290	0.0403			85.082	119.018	-932.652	0.190	0.223	1.545	6.050	944.058	9.413	1	1															1b	AD	Passing			
A001C0170_20210709184247_0001.MOV	300	0.0417			238.981	88.107	-1738.669	0.756	0.331	5.319	9.176	1757.226	8.562	1	1															0.1	J	Passing			
A001C0170_20210709184247_0001.MOV	300	0.0417			85.260	127.703	-1026.748	0.209	0.257	1.867	3.677	1038.166	9.014	1	1															1	F	Passing			
A001C0170_20210709184247_0001.MOV	300	0.0417			80.340	124.739	-1031.949	0.204	0.254	1.885	3.148	1042.561	8.696	1	1															2	AD	Passing			
A001C0170_20210709184247_0001.MOV	300	0.0417			75.510	124.267	-1046.757	0.201	0.256	1.939	2.739	1056.809	8.431	1	1															3	AD	Passing			
A001C0170_20210709184247_0001.MOV	300	0.0417			70.654	120.340	-1051.855	0.197	0.252	1.957	1.776	1061.071	8.084	1	1															4	AD	Passing			
A001C0170_20210709184247_0001.MOV	300	0.0417			13.106	63.181	-1038.137	0.150	0.177	1.901	3.641	1040.141	4.150	1	1															16	AD	Passing			
A001C0170_20210709184247_0001.MOV	300	0.0417			88.555	127.404	-1007.278	0.209	0.252	1.798	3.361	1019.158	9.259	1	1															1b	AD	Passing			
A001C0170_20210709184247_0001.MOV	310	0.0431			224.563	75.117	-1764.081	0.726	0.311	5.470	8.816	1779.903	7.858	1	1															0.1	J	Passing			
A001C0170_20210709184247_0001.MOV	310	0.0431			88.330	121.144	-954.353	0.198	0.231	1.616	6.155	966.058	9.423	1	1															1	F	Passing			
A001C0170_20210709184247_0001.MOV	310	0.0431			83.589	119.407	-962.677	0.194	0.231	1.644	6.077	973.649	9.111	1	1															2	AD	Passing			
A001C0170_20210709184247_0001.MOV	310	0.0431			79.725	119.090	-973.266	0.192	0.232	1.679	6.037	983.760	8.885	1	1															3	AD	Passing			
A001C0170_20210709184247_0001.MOV	310	0.0431			74.817	116.825	-977.559	0.187	0.230	1.694	5.552	987.354	8.592	1	1															4	AD	Passing			
A001C0170_20210709184247_0001.MOV	310	0.0431			11.857	68.871	-1036.743	0.150	0.182	1.896	3.946	1039.096	4.453	1	1															16	AD	Passing			
A001C0170_20210709184247_0001.MOV	310	0.0431			90.498	121.702	-938.494	0.197	0.228	1.564	6.349	950.669	9.671	1	1															1b	AD	Passing			
A001C0170_20210709184247_0001.MOV	320	0.0445			215.839	60.655	-1823.159	0.724	0.297	5.836	8.883	1836.893	7.198	1	1															0.1	J	Passing			
A001C0170_20210709184247_0001.MOV	320	0.0445			91.042	119.940	-954.560	0.201	0.230	1.617	6.133	966.364	9.453	1	1															1	F	Passing			
A001C0170_20210709184247_0001.MOV	320	0.0445			86.915	118.670	-965.201	0.199	0.230	1.653	6.272	976.345	9.159	1	1															2	AD	Passing			
A001C0170_20210709184247_0001.MOV	320	0.0445			83.673	118.382	-976.942	0.197	0.232	1.692	5.952	987.639	8.941	1	1															3	AD	Passing			
A001C0170_20210709184247_0001.MOV	320	0.0445			79.324	117.403	-987.882	0.194	0.233	1.729	5.925	997.991	8.669	1	1															4	AD	Passing			
A001C0170_20210709184247_0001.MOV	320	0.0445			11.213	77.002	-1049.407	0.151	0.193	1.942	3.724	1052.288	4.839	1	1															16	AD	Passing			
A001C0170_20210709184247_0001.MOV	320	0.0445			93.015	121.256	-941.456	0.201	0.228	1.574	6.352	953.779	9.706	1	1															1b	AD	Passing			
A001C0170_20210709184247_0001.MOV	330	0.0459			205.583	45.149	-1883.648	0.717	0.288	6.223	8.458	1895.372	6.532	1	1															0.1	J	Passing			
A001C0170_20210709184247_0001.MOV	330	0.0459			92.146	117.079	-952.702	0.202	0.225	1.611	6.197	964.281	9.371	1	1															1	F	Passing			
A001C0170_20210709184247_0001.MOV	330	0.0459			88.618	116.458	-963.155	0.200	0.227	1.646	6.061	974.209	9.127	1	1															2	AD	Passing			
A001C0170_20210709184247_0001.MOV	330	0.0459			86.975	116.196	-976.944	0.201	0.229	1.692	6.169	987.667	8.941	1	1															3	AD	Passing			
A001C0170_20210709184247_0001.MOV	330	0.0459			83.098	115.988	-989.120	0.199	0.232	1.734	5.938	999.359	8.707	1	1															4	AD	Passing			
A001C0170_20210709184247_0001.MOV	330	0.0459			11.661	84.848	-1061.796	0.153	0.205	1.988	3.717	1065.244	5.211	1	1															16	AD	Passing			
A001C0170_20210709184247_0001.MOV	330	0.0459			93.099	118.912	-938.681	0.200	0.225	1.565	6.246	950.752	9.623	1	1															1b	AD	Passing			
A001C0170_20210709184247_0001.MOV	340	0.0473			192.447	27.190	-1934.936	0.696	0.285	6.559	7.967	1944.673	5.851	1	1															0.1	J	Passing			
A001C0170_20210709184247_0001.MOV	340	0.0473			91.525	112.501	-948.467	0.201	0.218	1.597	6.292	959.491	9.170	1	1															1	F	Passing			
A001C0170_20210709184247_0001.MOV	340	0.0473			88.916	112.811	-959.856	0.200	0.221	1.635	5.890	970.544	8.993	1	1															2	AD	Passing			
A001C0170_20210709184247_0001.MOV	340	0.0473			88.067	112.320	-974.589	0.202	0.224	1.684	6.307	984.985	8.815	1	1															3	AD	Passing			
A001C0170_20210709184247_0001.MOV	340	0.0473			84.802	112.317	-985.316	0.200	0.226	1.721	5.888	995.316	8.619	1	1															4	AD	Passing			
A001C0170_20210709184247_0001.MOV	340	0.0473			14.799	93.602	-1090.023	0.158	0.221	2.095	3.689	1094.135	5.566	1	1															16	AD	Passing			
A001C0170_20210709184247_0001.MOV	340	0.0473			91.818	114.366	-932.689	0.198	0.217	1.545	6.274	944.149	9.415	1	1															1b	AD	Passing			
A001C0170_20210709184247_0001.MOV	350	0.0487			182.812	6.470	-2030.929	0.700	0.303	7.218	7.673	2039.151	5.203	1	1															0.1	J	Passing			
A001C0170_20210709184247_0001.MOV	350	0.0487			88.136	106.190	-940.486	0.195	0.209	1.570	6.001	950.556	8.821	1	1															1	F	Passing			
A001C0170_20210709184247_0001.MOV	350	0.0487			86.341	106.806	-954.876	0.196	0.212	1.618	5.828	964.703	8.663	1	1															2	AD	Passing			
A001C0170_20210709184247_0001.MOV	350	0.0487			86.413	105.942	-966.751	0.198	0.214	1.657	6.051	976.370	8.526	1	1															3	AD	Passing			
A001C0170_20210709184247_0001.MOV	350	0.0487			84.111	106.617	-980.080	0.198	0.217	1.703	5.824	989.444	8.371	1	1															4	AD	Passing			
A001C0170_20210709184247_0001.MOV	350	0.0487			19.842	100.496	-1112.453	0.163	0.235	2.181	4.175	1117.159	5.855	1	1															16	AD	Passing			
A001C0170_20210709184247_0001.MOV	350	0.0487			88.693	108.622	-926.843	0.193	0.209	1.526	6.134	937.392	9.080	1	1															1b	AD	Passing			
A001C0170_20210709184247_0001.MOV	360	0.0500			169.248	-18.322	-2096.565	0.678	0.342	7.684	7.205	2103.465	4.616	1	1															0.1	J	Passing			
A001C0170_20210709184247_0001.MOV	360	0.0500			84.204	98.904	-924.900	0.187	0.197	1.519	6.449	933.977	8.463	1	1															1	F	Passing			
A001C0170_20210709184247_0001.MOV	360	0.0500			82.731	97.310	-924.120	0.186	0.194	1.516	6.032	932.905	8.339	1	1															2	AD	Passing			
A001C0170_20210709184247_0001.MOV	360	0.0500			83.849	98.816	-951.754	0.192	0.202	1.607	6.544	960.536	8.224	1	1															3	AD	Passing			
A001C0170_20210709184247_0001.MOV	360	0.0500			82.145	97.420	-951.277	0.190	0.200	1.605	5.742	959.774	8.101	1	1															4	AD	Passing			
A001C0170_20210709184247_0001.MOV	360	0.0500			29.103	102.052	-1136.932	0.172	0.242	2.278	4.406	1141.873	5.916	1	1															16	AD	Passing			
A001C0170_20210709184247_0001.MOV	360	0.0500			84.602	101.465	-918.932	0.187	0.198	1.499	5.970	928.380	8.654	1	1															1b	AD	Passing			