3D Point Measurements																																			
																																			
Generated: Wednesday 03 November 2021 13:43:51																																			
																																			
Filename	Frame	Time (mins)	Period	Period time (mins)	X (mm)	Y (mm)	Z (mm)	sX (mm)	sY (mm)	sZ (mm)	RMS (mm)	Range (mm)	Direction (deg)	OpCode	TapeReader	Depth	Comment									Family	Genus	Species	Code	Number	Stage	Activity	Comment		
A001C0172_20210709184345_0001.MOV	1280	0.1780			224.779	50.440	-1420.265	0.584	0.224	3.562	7.719	1438.827	9.364	1	1															0	J	Passing			
A001C0172_20210709184345_0001.MOV	1280	0.1780			-10.279	37.434	-883.146	0.127	0.134	1.380	3.059	883.999	3.104	1	1															1	F	Passing			
A001C0172_20210709184345_0001.MOV	1280	0.1780			-28.442	37.152	-887.489	0.134	0.135	1.393	2.761	888.721	3.517	1	1															2	AD	Passing			
A001C0172_20210709184345_0001.MOV	1280	0.1780			-44.451	36.584	-889.125	0.143	0.135	1.397	2.473	890.987	4.115	1	1															3	AD	Passing			
A001C0172_20210709184345_0001.MOV	1280	0.1780			-61.361	31.724	-887.597	0.156	0.132	1.392	2.219	890.281	4.758	1	1															4	AD	Passing			
A001C0172_20210709184345_0001.MOV	1280	0.1780			-117.052	24.091	-871.927	0.212	0.127	1.345	1.784	880.078	7.948	1	1															10	AD	Passing			
A001C0172_20210709184345_0001.MOV	1280	0.1780			-10.062	33.593	-875.517	0.126	0.131	1.356	2.919	876.219	2.878	1	1															1.2	AD	Passing			
A001C0172_20210709184345_0001.MOV	1300	0.1807			219.319	44.445	-1470.672	0.592	0.226	3.815	7.458	1487.600	8.792	1	1															0	J	Passing			
A001C0172_20210709184345_0001.MOV	1300	0.1807			-0.085	34.066	-882.207	0.127	0.133	1.377	3.258	882.864	2.815	1	1															1	F	Passing			
A001C0172_20210709184345_0001.MOV	1300	0.1807			-17.622	34.002	-890.209	0.130	0.134	1.401	2.893	891.033	3.013	1	1															2	AD	Passing			
A001C0172_20210709184345_0001.MOV	1300	0.1807			-33.325	33.275	-892.513	0.137	0.134	1.408	2.799	893.754	3.474	1	1															3	AD	Passing			
A001C0172_20210709184345_0001.MOV	1300	0.1807			-50.621	29.612	-894.635	0.149	0.132	1.414	2.542	896.555	4.089	1	1															4	AD	Passing			
A001C0172_20210709184345_0001.MOV	1300	0.1807			-107.373	20.658	-887.880	0.204	0.129	1.393	2.063	894.587	7.159	1	1															10	AD	Passing			
A001C0172_20210709184345_0001.MOV	1300	0.1807			-0.217	32.727	-869.468	0.125	0.130	1.338	2.982	870.084	2.760	1	1															1.2	AD	Passing			
A001C0172_20210709184345_0001.MOV	1320	0.1835			210.289	38.623	-1511.314	0.586	0.227	4.024	7.752	1526.363	8.183	1	1															0	J	Passing			
A001C0172_20210709184345_0001.MOV	1320	0.1835			9.633	32.127	-878.979	0.127	0.131	1.368	3.090	879.619	2.769	1	1															1	F	Passing			
A001C0172_20210709184345_0001.MOV	1320	0.1835			-7.681	31.292	-888.517	0.128	0.132	1.396	3.008	889.101	2.667	1	1															2	AD	Passing			
A001C0172_20210709184345_0001.MOV	1320	0.1835			-23.331	30.408	-894.355	0.133	0.133	1.414	2.840	895.176	2.956	1	1															3	AD	Passing			
A001C0172_20210709184345_0001.MOV	1320	0.1835			-40.953	27.873	-895.027	0.142	0.132	1.415	2.661	896.397	3.543	1	1															4	AD	Passing			
A001C0172_20210709184345_0001.MOV	1320	0.1835			-98.099	18.354	-895.248	0.195	0.129	1.416	2.211	900.794	6.499	1	1															10	AD	Passing			
A001C0172_20210709184345_0001.MOV	1320	0.1835			9.061	34.225	-872.429	0.126	0.131	1.348	3.147	873.147	2.912	1	1															1.2	AD	Passing			
A001C0172_20210709184345_0001.MOV	1340	0.1863			199.337	27.206	-1561.719	0.578	0.229	4.291	7.091	1574.625	7.446	1	1															0	J	Passing			
A001C0172_20210709184345_0001.MOV	1340	0.1863			16.671	29.545	-875.969	0.128	0.130	1.359	3.275	876.626	2.760	1	1															1	F	Passing			
A001C0172_20210709184345_0001.MOV	1340	0.1863			-0.232	26.927	-886.838	0.127	0.130	1.391	3.209	887.246	2.343	1	1															2	AD	Passing			
A001C0172_20210709184345_0001.MOV	1340	0.1863			-15.265	25.397	-893.080	0.130	0.131	1.410	2.968	893.572	2.438	1	1															3	AD	Passing			
A001C0172_20210709184345_0001.MOV	1340	0.1863			-33.319	23.563	-896.219	0.138	0.131	1.419	2.891	897.147	2.997	1	1															4	AD	Passing			
A001C0172_20210709184345_0001.MOV	1340	0.1863			-91.107	15.959	-902.012	0.188	0.130	1.437	2.452	906.741	5.989	1	1															10	AD	Passing			
A001C0172_20210709184345_0001.MOV	1340	0.1863			15.878	33.880	-871.362	0.127	0.131	1.345	3.205	872.165	3.017	1	1															1.2	AD	Passing			
A001C0172_20210709184345_0001.MOV	1360	0.1891			186.375	16.642	-1609.968	0.563	0.234	4.555	7.045	1620.805	6.710	1	1															0	J	Passing			
A001C0172_20210709184345_0001.MOV	1360	0.1891			22.771	30.883	-871.471	0.130	0.130	1.345	3.305	872.316	3.029	1	1															1	F	Passing			
A001C0172_20210709184345_0001.MOV	1360	0.1891			6.694	25.876	-885.511	0.127	0.130	1.387	3.248	885.914	2.319	1	1															2	AD	Passing			
A001C0172_20210709184345_0001.MOV	1360	0.1891			-8.285	22.676	-894.083	0.129	0.130	1.413	3.110	894.409	2.124	1	1															3	AD	Passing			
A001C0172_20210709184345_0001.MOV	1360	0.1891			-25.623	21.486	-897.736	0.134	0.130	1.424	2.767	898.359	2.564	1	1															4	AD	Passing			
A001C0172_20210709184345_0001.MOV	1360	0.1891			-83.441	14.921	-906.225	0.181	0.130	1.450	2.789	910.181	5.482	1	1															10	AD	Passing			
A001C0172_20210709184345_0001.MOV	1360	0.1891			22.931	35.233	-873.899	0.130	0.132	1.353	3.604	874.909	3.277	1	1															1.2	AD	Passing			
A001C0172_20210709184345_0001.MOV	1380	0.1919			176.876	6.680	-1675.243	0.561	0.246	4.926	6.675	1684.568	6.084	1	1															0	J	Passing			
A001C0172_20210709184345_0001.MOV	1380	0.1919			30.272	32.234	-872.443	0.133	0.130	1.349	3.584	873.563	3.367	1	1															1	F	Passing			
A001C0172_20210709184345_0001.MOV	1380	0.1919			14.313	26.478	-881.983	0.128	0.130	1.377	3.236	882.496	2.503	1	1															2	AD	Passing			
A001C0172_20210709184345_0001.MOV	1380	0.1919			0.283	22.934	-893.912	0.128	0.130	1.413	3.199	894.206	2.074	1	1															3	AD	Passing			
A001C0172_20210709184345_0001.MOV	1380	0.1919			-16.996	21.651	-901.160	0.132	0.131	1.435	3.231	901.580	2.256	1	1															4	AD	Passing			
A001C0172_20210709184345_0001.MOV	1380	0.1919			-75.298	14.388	-908.149	0.173	0.131	1.456	2.788	911.379	4.974	1	1															10	AD	Passing			
A001C0172_20210709184345_0001.MOV	1380	0.1919			31.396	35.849	-876.804	0.134	0.133	1.362	3.406	878.098	3.588	1	1															1.2	AD	Passing			
A001C0172_20210709184345_0001.MOV	1400	0.1946			169.442	-8.326	-1758.543	0.569	0.270	5.421	6.357	1766.707	5.514	1	1															0	J	Passing			
A001C0172_20210709184345_0001.MOV	1400	0.1946			39.615	30.866	-870.458	0.138	0.130	1.343	3.488	871.906	3.704	1	1															1	F	Passing			
A001C0172_20210709184345_0001.MOV	1400	0.1946			23.902	25.505	-884.433	0.132	0.130	1.385	3.420	885.123	2.735	1	1															2	AD	Passing			
A001C0172_20210709184345_0001.MOV	1400	0.1946			9.858	22.108	-895.894	0.129	0.130	1.420	3.379	896.221	2.114	1	1															3	AD	Passing			
A001C0172_20210709184345_0001.MOV	1400	0.1946			-7.050	20.094	-907.877	0.130	0.132	1.457	3.340	908.127	1.924	1	1															4	AD	Passing			
A001C0172_20210709184345_0001.MOV	1400	0.1946			-65.220	10.708	-921.425	0.166	0.132	1.498	2.850	923.792	4.243	1	1															10	AD	Passing			
A001C0172_20210709184345_0001.MOV	1400	0.1946			41.914	32.657	-879.069	0.141	0.132	1.370	3.725	880.674	3.860	1	1															1.2	AD	Passing			
A001C0172_20210709184345_0001.MOV	1420	0.1974			161.437	-21.848	-1832.870	0.570	0.299	5.883	6.308	1840.096	5.034	1	1															0	J	Passing			
A001C0172_20210709184345_0001.MOV	1420	0.1974			50.543	29.064	-870.262	0.146	0.129	1.343	3.669	872.213	4.167	1	1															1	F	Passing			
A001C0172_20210709184345_0001.MOV	1420	0.1974			34.633	25.054	-881.935	0.137	0.129	1.378	3.415	882.970	3.167	1	1															2	AD	Passing			
A001C0172_20210709184345_0001.MOV	1420	0.1974			20.564	21.745	-896.915	0.132	0.131	1.423	3.380	897.414	2.387	1	1															3	AD	Passing			
A001C0172_20210709184345_0001.MOV	1420	0.1974			4.345	19.229	-911.633	0.131	0.132	1.469	3.164	911.846	1.833	1	1															4	AD	Passing			
A001C0172_20210709184345_0001.MOV	1420	0.1974			-54.255	8.899	-939.763	0.159	0.135	1.558	3.185	941.370	3.497	1	1															10	AD	Passing			
A001C0172_20210709184345_0001.MOV	1420	0.1974			53.598	28.333	-878.069	0.149	0.130	1.367	3.682	880.159	4.266	1	1															1.2	AD	Passing			
A001C0172_20210709184345_0001.MOV	1440	0.2002			155.291	-35.025	-1921.042	0.580	0.337	6.456	6.854	1927.627	4.642	1	1															0	J	Passing			
A001C0172_20210709184345_0001.MOV	1440	0.2002			63.939	28.687	-875.921	0.158	0.130	1.361	4.017	878.720	4.853	1	1															1	F	Passing			
A001C0172_20210709184345_0001.MOV	1440	0.2002			47.628	25.727	-887.564	0.146	0.130	1.396	3.582	889.213	3.814	1	1															2	AD	Passing			
A001C0172_20210709184345_0001.MOV	1440	0.2002			32.806	21.975	-896.302	0.138	0.131	1.422	3.606	897.171	2.902	1	1															3	AD	Passing			
A001C0172_20210709184345_0001.MOV	1440	0.2002			17.326	19.269	-914.833	0.134	0.133	1.480	3.309	915.200	2.111	1	1															4	AD	Passing			
A001C0172_20210709184345_0001.MOV	1440	0.2002			-40.553	9.193	-952.812	0.151	0.137	1.601	3.150	953.719	2.698	1	1															10	AD	Passing			
A001C0172_20210709184345_0001.MOV	1440	0.2002			66.438	25.264	-877.906	0.160	0.129	1.367	3.834	880.779	4.876	1	1															1.2	AD	Passing			
A001C0172_20210709184345_0001.MOV	1460	0.2030			147.154	-48.016	-2021.261	0.586	0.384	7.140	6.956	2027.180	4.231	1	1															0	J	Passing			
A001C0172_20210709184345_0001.MOV	1460	0.2030			77.891	29.030	-879.672	0.172	0.130	1.373	4.217	883.591	5.638	1	1															1	F	Passing			
A001C0172_20210709184345_0001.MOV	1460	0.2030			61.040	26.331	-891.333	0.158	0.131	1.408	3.865	893.809	4.539	1	1															2	AD	Passing			
A001C0172_20210709184345_0001.MOV	1460	0.2030			45.705	22.421	-897.817	0.146	0.131	1.428	3.597	899.260	3.553	1	1															3	AD	Passing			
A001C0172_20210709184345_0001.MOV	1460	0.2030			30.660	18.179	-913.931	0.139	0.132	1.478	3.468	914.626	2.594	1	1															4	AD	Passing			
A001C0172_20210709184345_0001.MOV	1460	0.2030			-25.733	8.289	-965.201	0.144	0.139	1.643	3.249	965.580	1.880	1	1															10	AD	Passing			
A001C0172_20210709184345_0001.MOV	1460	0.2030			79.723	24.527	-878.572	0.173	0.129	1.370	4.110	882.522	5.631	1	1															1.2	AD	Passing			
A001C0172_20210709184345_0001.MOV	1480	0.2058			139.778	-58.006	-2157.126	0.601	0.439	8.123	7.112	2162.429	3.822	1	1															0	J	Passing			
A001C0172_20210709184345_0001.MOV	1480	0.2058			92.936	31.374	-882.546	0.188	0.132	1.383	4.326	887.980	6.560	1	1															1	F	Passing			
A001C0172_20210709184345_0001.MOV	1480	0.2058			75.593	28.541	-892.251	0.172	0.132	1.412	4.040	895.902	5.417	1	1															2	AD	Passing			
A001C0172_20210709184345_0001.MOV	1480	0.2058			60.342	24.534	-901.604	0.159	0.132	1.440	3.952	903.954	4.396	1	1															3	AD	Passing			
A001C0172_20210709184345_0001.MOV	1480	0.2058			44.617	20.215	-913.432	0.148	0.133	1.477	3.608	914.744	3.364	1	1															4	AD	Passing			
A001C0172_20210709184345_0001.MOV	1480	0.2058			-11.603	8.135	-962.047	0.139	0.138	1.633	3.418	962.151	1.289	1	1															10	AD	Passing			
A001C0172_20210709184345_0001.MOV	1480	0.2058			93.771	26.814	-877.895	0.188	0.129	1.369	3.988	883.296	6.531	1	1															1.2	AD	Passing			
A001C0172_20210709184345_0001.MOV	1500	0.2085			127.200	-69.680	-2256.691	0.588	0.496	8.882	7.583	2261.346	3.428	1	1															0	J	Passing			
A001C0172_20210709184345_0001.MOV	1500	0.2085			105.381	34.140	-876.008	0.201	0.132	1.364	4.491	882.984	7.415	1	1															1	F	Passing			
A001C0172_20210709184345_0001.MOV	1500	0.2085			90.226	31.603	-895.106	0.188	0.134	1.422	4.331	900.197	6.322	1	1															2	AD	Passing			
A001C0172_20210709184345_0001.MOV	1500	0.2085			75.329	27.487	-903.119	0.173	0.133	1.446	3.949	906.671	5.311	1	1															3	AD	Passing			
A001C0172_20210709184345_0001.MOV	1500	0.2085			59.215	21.867	-918.068	0.161	0.134	1.493	3.865	920.235	4.181	1	1															4	AD	Passing			
A001C0172_20210709184345_0001.MOV	1500	0.2085			1.903	6.603	-954.632	0.137	0.138	1.609	3.444	954.657	1.007	1	1															10	AD	Passing			
A001C0172_20210709184345_0001.MOV	1500	0.2085			105.048	30.064	-866.817	0.198	0.129	1.336	4.406	873.677	7.373	1	1															1.2	AD	Passing			
A001C0172_20210709184345_0001.MOV	1520	0.2113			113.902	-83.954	-2390.261	0.577	0.576	9.955	9.011	2394.446	3.068	1	1															0	J	Passing			
A001C0172_20210709184345_0001.MOV	1520	0.2113			116.036	36.019	-863.256	0.210	0.131	1.326	4.562	871.764	8.211	1	1															1	F	Passing			
A001C0172_20210709184345_0001.MOV	1520	0.2113			102.590	33.530	-888.286	0.200	0.133	1.402	4.695	894.819	7.138	1	1															2	AD	Passing			
A001C0172_20210709184345_0001.MOV	1520	0.2113			89.096	30.327	-902.838	0.188	0.134	1.446	4.253	907.731	6.172	1	1															3	AD	Passing			
A001C0172_20210709184345_0001.MOV	1520	0.2113			73.824	23.561	-918.416	0.175	0.134	1.495	3.868	921.679	5.040	1	1															4	AD	Passing			
A001C0172_20210709184345_0001.MOV	1520	0.2113			15.851	6.806	-942.206	0.137	0.136	1.568	3.642	942.364	1.402	1	1															10	AD	Passing			
A001C0172_20210709184345_0001.MOV	1520	0.2113			113.937	35.439	-847.762	0.204	0.128	1.280	5.878	856.118	8.211	1	1															1.2	AD	Passing			
A001C0172_20210709184345_0001.MOV	1540	0.2141			96.801	-99.092	-2497.634	0.546	0.659	10.860	8.172	2501.472	2.775	1	1															0	J	Passing			
A001C0172_20210709184345_0001.MOV	1540	0.2141			127.252	38.834	-853.757	0.221	0.131	1.299	5.012	864.061	9.052	1	1															1	F	Passing			
A001C0172_20210709184345_0001.MOV	1540	0.2141			114.959	35.948	-876.626	0.212	0.133	1.367	4.865	884.862	8.024	1	1															2	AD	Passing			
A001C0172_20210709184345_0001.MOV	1540	0.2141			102.960	33.748	-898.497	0.203	0.135	1.434	4.554	905.006	7.087	1	1															3	AD	Passing			
A001C0172_20210709184345_0001.MOV	1540	0.2141			87.490	27.190	-911.653	0.188	0.134	1.474	4.329	916.245	5.946	1	1															4	AD	Passing			
A001C0172_20210709184345_0001.MOV	1540	0.2141			32.031	7.155	-951.200	0.146	0.137	1.599	3.819	951.767	2.189	1	1															10	AD	Passing			
A001C0172_20210709184345_0001.MOV	1540	0.2141			124.238	39.241	-846.615	0.216	0.130	1.277	4.785	856.582	8.949	1	1															1.2	AD	Passing			
A001C0172_20210709184345_0001.MOV	1560	0.2169			77.635	-116.042	-2629.363	0.511	0.765	12.026	8.979	2633.067	2.559	1	1															0	J	Passing			
A001C0172_20210709184345_0001.MOV	1560	0.2169			137.066	40.371	-839.652	0.230	0.130	1.258	5.167	851.723	9.845	1	1															1	F	Passing			
A001C0172_20210709184345_0001.MOV	1560	0.2169			126.294	37.981	-864.968	0.223	0.132	1.332	4.952	874.964	8.862	1	1															2	AD	Passing			
A001C0172_20210709184345_0001.MOV	1560	0.2169			114.894	35.803	-884.767	0.214	0.134	1.392	4.632	892.914	7.946	1	1															3	AD	Passing			
A001C0172_20210709184345_0001.MOV	1560	0.2169			100.386	30.797	-904.518	0.201	0.135	1.453	4.530	910.592	6.823	1	1															4	AD	Passing			
A001C0172_20210709184345_0001.MOV	1560	0.2169			48.684	9.144	-950.470	0.157	0.137	1.597	3.584	951.760	3.151	1	1															10	AD	Passing			
A001C0172_20210709184345_0001.MOV	1560	0.2169			134.213	42.752	-835.243	0.225	0.130	1.245	5.159	847.037	9.773	1	1															1.2	AD	Passing			
A001C0172_20210709184345_0001.MOV	1580	0.2197			52.389	-134.685	-2801.814	0.470	0.902	13.642	10.012	2805.539	2.400	1	1															0	J	Passing			
A001C0172_20210709184345_0001.MOV	1580	0.2197			145.143	42.480	-820.770	0.234	0.128	1.204	5.215	834.586	10.625	1	1															1	F	Passing			
A001C0172_20210709184345_0001.MOV	1580	0.2197			136.077	40.259	-847.896	0.231	0.131	1.282	5.099	859.689	9.690	1	1															2	AD	Passing			
A001C0172_20210709184345_0001.MOV	1580	0.2197			125.843	38.942	-870.269	0.224	0.133	1.348	4.896	880.183	8.805	1	1															3	AD	Passing			
A001C0172_20210709184345_0001.MOV	1580	0.2197			112.093	35.428	-891.073	0.212	0.135	1.411	4.628	898.794	7.719	1	1															4	AD	Passing			
A001C0172_20210709184345_0001.MOV	1580	0.2197			63.471	13.898	-944.710	0.169	0.136	1.579	3.838	946.942	4.106	1	1															10	AD	Passing			
A001C0172_20210709184345_0001.MOV	1580	0.2197			144.441	46.450	-820.833	0.233	0.130	1.204	5.608	834.738	10.673	1	1															1.2	AD	Passing			
A001C0172_20210709184345_0001.MOV	1600	0.2224			24.742	-142.881	-2902.101	0.428	0.976	14.628	10.722	2905.722	2.268	1	1															0	J	Passing			
A001C0172_20210709184345_0001.MOV	1600	0.2224			156.159	47.546	-808.290	0.244	0.129	1.170	5.795	824.609	11.608	1	1															1	F	Passing			
A001C0172_20210709184345_0001.MOV	1600	0.2224			145.961	44.711	-832.183	0.239	0.131	1.237	5.470	846.069	10.587	1	1															2	AD	Passing			
A001C0172_20210709184345_0001.MOV	1600	0.2224			136.182	43.162	-853.327	0.232	0.133	1.298	5.430	865.202	9.703	1	1															3	AD	Passing			
A001C0172_20210709184345_0001.MOV	1600	0.2224			123.623	41.539	-875.848	0.223	0.136	1.365	5.203	885.505	8.680	1	1															4	AD	Passing			
A001C0172_20210709184345_0001.MOV	1600	0.2224			77.008	25.305	-942.565	0.183	0.138	1.574	4.269	946.044	5.136	1	1															10	AD	Passing			
A001C0172_20210709184345_0001.MOV	1600	0.2224			156.572	51.471	-809.045	0.245	0.132	1.172	6.024	825.662	11.717	1	1															1.2	AD	Passing			
A001C0172_20210709184345_0001.MOV	1620	0.2252			-8.811	-154.888	-3075.520	0.435	1.102	16.416	11.116	3079.430	2.285	1	1															0	J	Passing			
A001C0172_20210709184345_0001.MOV	1620	0.2252			166.343	51.682	-796.803	0.253	0.130	1.139	6.191	815.620	12.524	1	1															1	F	Passing			
A001C0172_20210709184345_0001.MOV	1620	0.2252			155.979	49.088	-820.047	0.247	0.132	1.203	5.943	836.191	11.473	1	1															2	AD	Passing			
A001C0172_20210709184345_0001.MOV	1620	0.2252			146.275	47.573	-840.303	0.241	0.134	1.261	5.637	854.265	10.575	1	1															3	AD	Passing			
A001C0172_20210709184345_0001.MOV	1620	0.2252			133.524	46.878	-862.099	0.231	0.137	1.325	5.324	873.636	9.539	1	1															4	AD	Passing			
A001C0172_20210709184345_0001.MOV	1620	0.2252			89.929	36.176	-935.430	0.196	0.141	1.551	4.616	940.439	6.167	1	1															10	AD	Passing			
A001C0172_20210709184345_0001.MOV	1620	0.2252			168.049	55.790	-799.640	0.256	0.133	1.147	6.432	819.010	12.689	1	1															1.2	AD	Passing			
A001C0172_20210709184345_0001.MOV	1640	0.2280			-56.514	-182.999	-3326.536	0.566	1.356	19.190	13.039	3332.045	2.724	1	1															0	J	Passing			
A001C0172_20210709184345_0001.MOV	1640	0.2280			173.346	54.475	-783.731	0.258	0.130	1.104	6.386	804.519	13.247	1	1															1	F	Passing			
A001C0172_20210709184345_0001.MOV	1640	0.2280			163.818	50.839	-807.365	0.253	0.131	1.168	6.029	825.384	12.187	1	1															2	AD	Passing			
A001C0172_20210709184345_0001.MOV	1640	0.2280			154.359	48.803	-825.613	0.247	0.133	1.219	5.701	841.335	11.291	1	1															3	AD	Passing			
A001C0172_20210709184345_0001.MOV	1640	0.2280			143.107	48.954	-851.700	0.241	0.137	1.294	5.603	865.026	10.281	1	1															4	AD	Passing			
A001C0172_20210709184345_0001.MOV	1640	0.2280			98.595	42.118	-922.833	0.203	0.143	1.511	4.724	929.040	6.887	1	1															10	AD	Passing			
A001C0172_20210709184345_0001.MOV	1640	0.2280			176.301	57.249	-788.816	0.263	0.133	1.118	6.734	810.302	13.423	1	1															1.2	AD	Passing			