3D Point Measurements																																			
																																			
Generated: Thursday 04 November 2021 14:11:18																																			
																																			
Filename	Frame	Time (mins)	Period	Period time (mins)	X (mm)	Y (mm)	Z (mm)	sX (mm)	sY (mm)	sZ (mm)	RMS (mm)	Range (mm)	Direction (deg)	OpCode	TapeReader	Depth	Comment									Family	Genus	Species	Code	Number	Stage	Activity	Comment		
A001C0122_20210709171630_0001.MOV	0	0.0000			-108.284	-34.181	-824.297	0.190	0.134	1.202	3.651	832.081	7.683	1	1	1														1	F	Passing			
A001C0122_20210709171630_0001.MOV	0	0.0000			-100.996	-33.444	-825.420	0.183	0.133	1.205	3.571	832.248	7.177	1	1	1														2	AD	Passing			
A001C0122_20210709171630_0001.MOV	0	0.0000			-94.216	-34.529	-822.647	0.175	0.133	1.197	3.520	828.744	6.770	1	1	1														3	AD	Passing			
A001C0122_20210709171630_0001.MOV	0	0.0000			-86.867	-34.116	-823.925	0.168	0.133	1.200	3.478	829.194	6.267	1	1	1														4	AD	Passing			
A001C0122_20210709171630_0001.MOV	0	0.0000			-81.121	-34.174	-819.705	0.161	0.133	1.188	3.428	824.417	5.921	1	1	1														5	AD	Passing			
A001C0122_20210709171630_0001.MOV	0	0.0000			-69.238	-34.434	-816.336	0.150	0.132	1.179	3.296	819.990	5.170	1	1	1														6	AD	Passing			
A001C0122_20210709171630_0001.MOV	0	0.0000			-62.377	-33.554	-816.522	0.144	0.132	1.179	3.239	819.588	4.702	1	1	1														7	AD	Passing			
A001C0122_20210709171630_0001.MOV	0	0.0000			-56.263	-32.774	-813.558	0.139	0.131	1.171	3.160	816.159	4.303	1	1	1														8	AD	Passing			
A001C0122_20210709171630_0001.MOV	0	0.0000			-43.775	-32.166	-808.539	0.130	0.130	1.157	3.041	810.362	3.520	1	1	1														9	AD	Passing			
A001C0122_20210709171630_0001.MOV	0	0.0000			-37.331	-31.131	-807.429	0.126	0.129	1.154	2.957	808.891	3.093	1	1	1														10	AD	Passing			
A001C0122_20210709171630_0001.MOV	0	0.0000			-229.289	-10.647	-1641.902	0.683	0.251	4.720	4.952	1657.869	7.953	1	1	1														0	AD	Passing			
A001C0122_20210709171630_0001.MOV	10	0.0014			-112.944	-27.245	-836.059	0.198	0.131	1.237	3.425	844.093	7.792	1	1	1														1	F	Passing			
A001C0122_20210709171630_0001.MOV	10	0.0014			-105.502	-26.555	-837.676	0.190	0.131	1.241	3.359	844.711	7.276	1	1	1														2	AD	Passing			
A001C0122_20210709171630_0001.MOV	10	0.0014			-98.673	-28.297	-834.468	0.182	0.131	1.231	3.365	840.758	6.871	1	1	1														3	AD	Passing			
A001C0122_20210709171630_0001.MOV	10	0.0014			-91.106	-28.249	-835.586	0.174	0.132	1.234	3.348	841.013	6.360	1	1	1														4	AD	Passing			
A001C0122_20210709171630_0001.MOV	10	0.0014			-85.492	-29.147	-830.917	0.168	0.131	1.221	3.305	835.812	6.036	1	1	1														5	AD	Passing			
A001C0122_20210709171630_0001.MOV	10	0.0014			-73.463	-30.518	-826.769	0.156	0.132	1.209	3.248	830.587	5.294	1	1	1														6	AD	Passing			
A001C0122_20210709171630_0001.MOV	10	0.0014			-66.318	-29.896	-826.997	0.150	0.131	1.209	3.210	830.190	4.810	1	1	1														7	AD	Passing			
A001C0122_20210709171630_0001.MOV	10	0.0014			-60.266	-29.797	-823.013	0.144	0.131	1.198	3.143	825.755	4.435	1	1	1														8	AD	Passing			
A001C0122_20210709171630_0001.MOV	10	0.0014			-47.864	-29.607	-816.602	0.134	0.129	1.180	3.047	818.540	3.661	1	1	1														9	AD	Passing			
A001C0122_20210709171630_0001.MOV	10	0.0014			-41.362	-28.513	-814.124	0.129	0.128	1.173	2.948	815.672	3.227	1	1	1														10	AD	Passing			
A001C0122_20210709171630_0001.MOV	10	0.0014			-213.714	-5.514	-1687.940	0.659	0.255	4.983	5.282	1701.425	7.228	1	1	1														0	AD	Passing			
A001C0122_20210709171630_0001.MOV	20	0.0028			-117.823	-18.086	-848.613	0.207	0.128	1.274	3.065	856.944	7.927	1	1	1														1	F	Passing			
A001C0122_20210709171630_0001.MOV	20	0.0028			-110.172	-18.170	-849.712	0.198	0.128	1.277	3.136	857.017	7.412	1	1	1														2	AD	Passing			
A001C0122_20210709171630_0001.MOV	20	0.0028			-103.340	-20.415	-847.673	0.190	0.129	1.270	3.124	854.192	6.992	1	1	1														3	AD	Passing			
A001C0122_20210709171630_0001.MOV	20	0.0028			-95.589	-20.825	-848.514	0.182	0.130	1.273	3.133	854.135	6.475	1	1	1														4	AD	Passing			
A001C0122_20210709171630_0001.MOV	20	0.0028			-89.888	-22.535	-844.068	0.175	0.130	1.259	3.135	849.140	6.146	1	1	1														5	AD	Passing			
A001C0122_20210709171630_0001.MOV	20	0.0028			-77.878	-25.199	-839.830	0.162	0.131	1.247	3.145	843.810	5.411	1	1	1														6	AD	Passing			
A001C0122_20210709171630_0001.MOV	20	0.0028			-70.463	-24.761	-838.755	0.155	0.130	1.243	3.116	842.073	4.921	1	1	1														7	AD	Passing			
A001C0122_20210709171630_0001.MOV	20	0.0028			-64.482	-25.543	-834.757	0.149	0.130	1.232	3.054	837.633	4.562	1	1	1														8	AD	Passing			
A001C0122_20210709171630_0001.MOV	20	0.0028			-52.276	-26.771	-826.007	0.138	0.129	1.207	3.001	828.092	3.830	1	1	1														9	AD	Passing			
A001C0122_20210709171630_0001.MOV	20	0.0028			-45.861	-26.175	-822.654	0.134	0.128	1.197	2.944	824.347	3.414	1	1	1														10	AD	Passing			
A001C0122_20210709171630_0001.MOV	20	0.0028			-197.991	0.080	-1743.521	0.637	0.260	5.311	5.086	1754.726	6.507	1	1	1														0	AD	Passing			
A001C0122_20210709171630_0001.MOV	30	0.0042			-124.061	-9.061	-862.015	0.217	0.127	1.314	2.753	870.944	8.189	1	1	1														1	F	Passing			
A001C0122_20210709171630_0001.MOV	30	0.0042			-116.237	-8.783	-863.181	0.208	0.127	1.317	2.786	871.016	7.669	1	1	1														2	AD	Passing			
A001C0122_20210709171630_0001.MOV	30	0.0042			-109.192	-11.404	-861.367	0.200	0.127	1.312	2.823	868.336	7.226	1	1	1														3	AD	Passing			
A001C0122_20210709171630_0001.MOV	30	0.0042			-101.291	-11.888	-862.343	0.191	0.128	1.314	2.860	868.353	6.701	1	1	1														4	AD	Passing			
A001C0122_20210709171630_0001.MOV	30	0.0042			-95.452	-14.068	-858.487	0.184	0.128	1.302	2.894	863.892	6.352	1	1	1														5	AD	Passing			
A001C0122_20210709171630_0001.MOV	30	0.0042			-83.180	-17.632	-854.603	0.170	0.129	1.290	2.978	858.823	5.588	1	1	1														6	AD	Passing			
A001C0122_20210709171630_0001.MOV	30	0.0042			-75.652	-18.141	-852.966	0.163	0.129	1.286	2.980	856.507	5.104	1	1	1														7	AD	Passing			
A001C0122_20210709171630_0001.MOV	30	0.0042			-69.826	-19.824	-847.927	0.156	0.129	1.271	2.990	851.028	4.763	1	1	1														8	AD	Passing			
A001C0122_20210709171630_0001.MOV	30	0.0042			-57.692	-23.263	-839.297	0.145	0.129	1.245	2.978	841.599	4.052	1	1	1														9	AD	Passing			
A001C0122_20210709171630_0001.MOV	30	0.0042			-51.320	-23.969	-834.498	0.139	0.129	1.231	3.007	836.418	3.668	1	1	1														10	AD	Passing			
A001C0122_20210709171630_0001.MOV	30	0.0042			-182.040	4.689	-1795.619	0.611	0.265	5.629	4.823	1804.829	5.838	1	1	1														0	AD	Passing			
A001C0122_20210709171630_0001.MOV	40	0.0056			-130.995	0.085	-875.621	0.230	0.126	1.356	2.320	885.365	8.530	1	1	1														1	F	Passing			
A001C0122_20210709171630_0001.MOV	40	0.0056			-123.384	0.864	-879.511	0.221	0.127	1.368	2.218	888.124	8.013	1	1	1														2	AD	Passing			
A001C0122_20210709171630_0001.MOV	40	0.0056			-115.618	-1.646	-875.790	0.211	0.127	1.356	2.511	883.390	7.537	1	1	1														3	AD	Passing			
A001C0122_20210709171630_0001.MOV	40	0.0056			-107.535	-1.687	-877.404	0.202	0.127	1.360	2.503	883.971	7.005	1	1	1														4	AD	Passing			
A001C0122_20210709171630_0001.MOV	40	0.0056			-101.551	-4.367	-873.879	0.194	0.127	1.349	2.599	879.770	6.636	1	1	1														5	AD	Passing			
A001C0122_20210709171630_0001.MOV	40	0.0056			-89.193	-8.969	-869.909	0.180	0.128	1.337	2.765	874.516	5.854	1	1	1														6	AD	Passing			
A001C0122_20210709171630_0001.MOV	40	0.0056			-81.546	-9.845	-868.200	0.171	0.128	1.331	2.793	872.077	5.366	1	1	1														7	AD	Passing			
A001C0122_20210709171630_0001.MOV	40	0.0056			-75.661	-12.285	-863.759	0.165	0.128	1.318	2.815	867.154	5.010	1	1	1														8	AD	Passing			
A001C0122_20210709171630_0001.MOV	40	0.0056			-63.498	-17.746	-854.991	0.152	0.129	1.292	2.930	857.529	4.287	1	1	1														9	AD	Passing			
A001C0122_20210709171630_0001.MOV	40	0.0056			-57.014	-19.461	-849.963	0.146	0.129	1.277	2.982	852.095	3.901	1	1	1														10	AD	Passing			
A001C0122_20210709171630_0001.MOV	40	0.0056			-165.841	8.604	-1838.470	0.580	0.270	5.897	5.258	1845.954	5.228	1	1	1														0	AD	Passing			
A001C0122_20210709171630_0001.MOV	50	0.0070			-139.303	8.492	-889.168	0.244	0.128	1.399	2.028	900.054	8.977	1	1	1														1	F	Passing			
A001C0122_20210709171630_0001.MOV	50	0.0070			-131.155	9.405	-890.249	0.234	0.128	1.402	2.030	899.908	8.467	1	1	1														2	AD	Passing			
A001C0122_20210709171630_0001.MOV	50	0.0070			-123.598	7.117	-890.417	0.224	0.128	1.401	2.109	898.982	7.973	1	1	1														3	AD	Passing			
A001C0122_20210709171630_0001.MOV	50	0.0070			-116.574	6.656	-897.456	0.217	0.129	1.423	1.352	905.020	7.472	1	1	1														4	AD	Passing			
A001C0122_20210709171630_0001.MOV	50	0.0070			-113.279	5.104	-909.103	0.216	0.131	1.459	2.348	916.148	7.162	1	1	1														5	AD	Passing			
A001C0122_20210709171630_0001.MOV	50	0.0070			-96.043	0.542	-887.044	0.191	0.128	1.390	2.510	892.229	6.212	1	1	1														6	AD	Passing			
A001C0122_20210709171630_0001.MOV	50	0.0070			-88.196	-0.376	-885.261	0.182	0.128	1.384	2.566	889.644	5.719	1	1	1														7	AD	Passing			
A001C0122_20210709171630_0001.MOV	50	0.0070			-82.210	-3.160	-880.586	0.175	0.128	1.369	2.602	884.421	5.348	1	1	1														8	AD	Passing			
A001C0122_20210709171630_0001.MOV	50	0.0070			-70.137	-9.516	-871.149	0.161	0.128	1.340	2.766	874.020	4.603	1	1	1														9	AD	Passing			
A001C0122_20210709171630_0001.MOV	50	0.0070			-63.769	-11.515	-865.374	0.154	0.128	1.323	2.837	867.796	4.217	1	1	1														10	AD	Passing			
A001C0122_20210709171630_0001.MOV	50	0.0070			-151.629	11.442	-1902.892	0.559	0.279	6.314	5.601	1908.958	4.653	1	1	1														0	AD	Passing			
A001C0122_20210709171630_0001.MOV	60	0.0083			-148.639	15.374	-902.729	0.260	0.130	1.442	1.447	915.014	9.480	1	1	1														1	F	Passing			
A001C0122_20210709171630_0001.MOV	60	0.0083			-140.237	16.169	-902.587	0.249	0.130	1.441	1.722	913.560	8.978	1	1	1														2	AD	Passing			
A001C0122_20210709171630_0001.MOV	60	0.0083			-132.702	14.268	-905.359	0.240	0.130	1.449	1.784	915.144	8.472	1	1	1														3	AD	Passing			
A001C0122_20210709171630_0001.MOV	60	0.0083			-124.038	15.176	-905.536	0.229	0.130	1.449	1.872	914.118	7.953	1	1	1														4	AD	Passing			
A001C0122_20210709171630_0001.MOV	60	0.0083			-117.498	12.719	-904.472	0.220	0.130	1.445	2.005	912.160	7.533	1	1	1														5	AD	Passing			
A001C0122_20210709171630_0001.MOV	60	0.0083			-100.406	8.909	-886.151	0.195	0.127	1.387	1.818	891.866	6.570	1	1	1														6	AD	Passing			
A001C0122_20210709171630_0001.MOV	60	0.0083			-95.953	8.869	-901.425	0.194	0.129	1.435	2.311	906.561	6.187	1	1	1														7	AD	Passing			
A001C0122_20210709171630_0001.MOV	60	0.0083			-89.575	6.136	-897.405	0.186	0.129	1.422	2.368	901.885	5.786	1	1	1														8	AD	Passing			
A001C0122_20210709171630_0001.MOV	60	0.0083			-76.674	-0.206	-889.313	0.171	0.129	1.396	2.548	892.612	4.963	1	1	1														9	AD	Passing			
A001C0122_20210709171630_0001.MOV	60	0.0083			-70.002	-2.195	-883.491	0.163	0.128	1.378	2.635	886.263	4.554	1	1	1														10	AD	Passing			
A001C0122_20210709171630_0001.MOV	60	0.0083			-136.399	11.885	-1962.689	0.532	0.289	6.714	5.664	1967.459	4.087	1	1	1														0	AD	Passing			
A001C0122_20210709171630_0001.MOV	70	0.0097			-159.080	19.593	-913.388	0.278	0.132	1.477	1.412	927.345	10.045	1	1	1														1	F	Passing			
A001C0122_20210709171630_0001.MOV	70	0.0097			-150.556	20.932	-914.330	0.266	0.132	1.479	1.423	926.879	9.541	1	1	1														2	AD	Passing			
A001C0122_20210709171630_0001.MOV	70	0.0097			-141.806	19.289	-904.099	0.251	0.131	1.446	1.529	915.355	9.096	1	1	1														3	AD	Passing			
A001C0122_20210709171630_0001.MOV	70	0.0097			-134.112	20.932	-919.287	0.245	0.133	1.494	1.570	929.254	8.513	1	1	1														4	AD	Passing			
A001C0122_20210709171630_0001.MOV	70	0.0097			-127.267	18.810	-919.655	0.236	0.133	1.494	1.727	928.610	8.074	1	1	1														5	AD	Passing			
A001C0122_20210709171630_0001.MOV	70	0.0097			-113.269	16.547	-920.694	0.219	0.133	1.497	1.963	927.783	7.199	1	1	1														6	AD	Passing			
A001C0122_20210709171630_0001.MOV	70	0.0097			-104.975	16.437	-917.301	0.208	0.132	1.485	2.008	923.434	6.727	1	1	1														7	AD	Passing			
A001C0122_20210709171630_0001.MOV	70	0.0097			-97.950	13.845	-912.867	0.199	0.131	1.471	2.166	918.211	6.298	1	1	1														8	AD	Passing			
A001C0122_20210709171630_0001.MOV	70	0.0097			-83.469	9.492	-908.249	0.181	0.130	1.456	2.346	912.126	5.386	1	1	1														9	AD	Passing			
A001C0122_20210709171630_0001.MOV	70	0.0097			-76.142	8.601	-902.057	0.173	0.130	1.436	2.625	905.306	4.960	1	1	1														10	AD	Passing			
A001C0122_20210709171630_0001.MOV	70	0.0097			-120.064	10.034	-1998.231	0.495	0.295	6.957	5.747	2001.860	3.552	1	1	1														0	AD	Passing			
A001C0122_20210709171630_0001.MOV	80	0.0111			-170.636	23.343	-923.447	0.297	0.134	1.512	1.155	939.370	10.663	1	1	1														1	F	Passing			
A001C0122_20210709171630_0001.MOV	80	0.0111			-161.778	23.556	-923.875	0.285	0.134	1.512	1.204	938.228	10.139	1	1	1														2	AD	Passing			
A001C0122_20210709171630_0001.MOV	80	0.0111			-154.159	22.906	-930.511	0.276	0.135	1.532	1.342	943.473	9.615	1	1	1														3	AD	Passing			
A001C0122_20210709171630_0001.MOV	80	0.0111			-145.100	23.927	-930.408	0.263	0.136	1.531	1.299	941.958	9.099	1	1	1														4	AD	Passing			
A001C0122_20210709171630_0001.MOV	80	0.0111			-138.301	22.314	-932.434	0.254	0.135	1.536	1.349	942.899	8.661	1	1	1														5	AD	Passing			
A001C0122_20210709171630_0001.MOV	80	0.0111			-123.507	21.375	-934.594	0.235	0.135	1.542	1.870	942.962	7.764	1	1	1														6	AD	Passing			
A001C0122_20210709171630_0001.MOV	80	0.0111			-115.034	22.652	-931.868	0.224	0.135	1.533	1.713	939.215	7.312	1	1	1														7	AD	Passing			
A001C0122_20210709171630_0001.MOV	80	0.0111			-107.589	20.815	-930.257	0.214	0.135	1.527	1.888	936.689	6.859	1	1	1														8	AD	Passing			
A001C0122_20210709171630_0001.MOV	80	0.0111			-91.922	18.744	-927.509	0.195	0.134	1.518	2.058	932.241	5.926	1	1	1														9	AD	Passing			
A001C0122_20210709171630_0001.MOV	80	0.0111			-84.162	18.683	-922.160	0.185	0.133	1.501	2.127	926.181	5.503	1	1	1														10	AD	Passing			
A001C0122_20210709171630_0001.MOV	80	0.0111			-104.665	6.347	-2051.990	0.465	0.306	7.334	5.861	2054.667	3.023	1	1	1														0	AD	Passing			
A001C0122_20210709171630_0001.MOV	90	0.0125			-182.246	25.216	-929.754	0.316	0.136	1.534	0.917	947.783	11.292	1	1	1														1	F	Passing			
A001C0122_20210709171630_0001.MOV	90	0.0125			-173.252	25.148	-930.039	0.303	0.136	1.533	0.994	946.373	10.764	1	1	1														2	AD	Passing			
A001C0122_20210709171630_0001.MOV	90	0.0125			-165.693	24.937	-937.628	0.295	0.137	1.557	1.133	952.482	10.239	1	1	1														3	AD	Passing			
A001C0122_20210709171630_0001.MOV	90	0.0125			-156.548	25.594	-938.681	0.282	0.137	1.559	1.274	951.990	9.707	1	1	1														4	AD	Passing			
A001C0122_20210709171630_0001.MOV	90	0.0125			-149.945	24.196	-944.858	0.274	0.138	1.578	1.303	956.987	9.247	1	1	1														5	AD	Passing			
A001C0122_20210709171630_0001.MOV	90	0.0125			-134.736	24.331	-948.930	0.254	0.138	1.590	1.679	958.756	8.339	1	1	1														6	AD	Passing			
A001C0122_20210709171630_0001.MOV	90	0.0125			-125.776	25.490	-945.919	0.241	0.138	1.580	1.490	954.585	7.868	1	1	1														7	AD	Passing			
A001C0122_20210709171630_0001.MOV	90	0.0125			-117.966	24.655	-946.523	0.231	0.138	1.581	1.702	954.165	7.403	1	1	1														8	AD	Passing			
A001C0122_20210709171630_0001.MOV	90	0.0125			-101.686	25.563	-943.801	0.210	0.138	1.572	1.846	949.607	6.513	1	1	1														9	AD	Passing			
A001C0122_20210709171630_0001.MOV	90	0.0125			-93.879	26.590	-938.390	0.199	0.138	1.554	1.867	943.449	6.128	1	1	1														10	AD	Passing			
A001C0122_20210709171630_0001.MOV	90	0.0125			-88.381	0.673	-2074.592	0.427	0.314	7.496	6.296	2076.474	2.518	1	1	1														0	AD	Passing			
A001C0122_20210709171630_0001.MOV	100	0.0139			-194.310	25.908	-930.686	0.335	0.136	1.540	0.750	951.107	11.989	1	1	1														1	F	Passing			
A001C0122_20210709171630_0001.MOV	100	0.0139			-185.517	25.270	-933.239	0.322	0.136	1.546	0.894	951.835	11.441	1	1	1														2	AD	Passing			
A001C0122_20210709171630_0001.MOV	100	0.0139			-178.105	25.290	-942.613	0.314	0.138	1.575	1.006	959.625	10.906	1	1	1														3	AD	Passing			
A001C0122_20210709171630_0001.MOV	100	0.0139			-168.966	25.619	-945.144	0.302	0.138	1.582	1.051	960.470	10.357	1	1	1														4	AD	Passing			
A001C0122_20210709171630_0001.MOV	100	0.0139			-162.249	24.929	-952.108	0.294	0.139	1.604	1.263	966.155	9.892	1	1	1														5	AD	Passing			
A001C0122_20210709171630_0001.MOV	100	0.0139			-147.496	26.151	-961.163	0.275	0.141	1.632	1.307	972.765	8.983	1	1	1														6	AD	Passing			
A001C0122_20210709171630_0001.MOV	100	0.0139			-138.222	27.413	-957.336	0.261	0.140	1.619	1.438	967.652	8.512	1	1	1														7	AD	Passing			
A001C0122_20210709171630_0001.MOV	100	0.0139			-130.337	27.036	-959.206	0.251	0.141	1.624	1.492	968.399	8.045	1	1	1														8	AD	Passing			
A001C0122_20210709171630_0001.MOV	100	0.0139			-113.745	28.019	-957.341	0.228	0.141	1.617	1.511	964.481	7.145	1	1	1														9	AD	Passing			
A001C0122_20210709171630_0001.MOV	100	0.0139			-105.604	28.789	-951.883	0.216	0.140	1.599	1.686	958.156	6.744	1	1	1														10	AD	Passing			
A001C0122_20210709171630_0001.MOV	100	0.0139			-72.792	-7.173	-2098.619	0.393	0.326	7.669	6.426	2099.893	2.028	1	1	1														0	AD	Passing			
A001C0122_20210709171630_0001.MOV	110	0.0153			-205.711	24.961	-926.281	0.351	0.135	1.528	0.687	949.176	12.697	1	1	1														1	F	Passing			
A001C0122_20210709171630_0001.MOV	110	0.0153			-197.309	24.608	-931.759	0.340	0.136	1.544	0.873	952.739	12.136	1	1	1														2	AD	Passing			
A001C0122_20210709171630_0001.MOV	110	0.0153			-190.325	25.178	-942.576	0.333	0.138	1.577	0.888	961.929	11.607	1	1	1														3	AD	Passing			
A001C0122_20210709171630_0001.MOV	110	0.0153			-181.421	25.736	-947.005	0.321	0.138	1.590	0.941	964.569	11.052	1	1	1														4	AD	Passing			
A001C0122_20210709171630_0001.MOV	110	0.0153			-175.307	25.449	-957.118	0.315	0.140	1.623	1.128	973.373	10.589	1	1	1														5	AD	Passing			
A001C0122_20210709171630_0001.MOV	110	0.0153			-160.615	26.877	-967.536	0.296	0.142	1.655	1.227	981.145	9.672	1	1	1														6	AD	Passing			
A001C0122_20210709171630_0001.MOV	110	0.0153			-151.227	27.577	-964.919	0.282	0.142	1.645	1.276	977.087	9.179	1	1	1														7	AD	Passing			
A001C0122_20210709171630_0001.MOV	110	0.0153			-143.450	27.307	-969.400	0.272	0.142	1.659	1.382	980.336	8.699	1	1	1														8	AD	Passing			
A001C0122_20210709171630_0001.MOV	110	0.0153			-126.706	28.452	-970.528	0.249	0.143	1.662	1.583	979.178	7.776	1	1	1														9	AD	Passing			
A001C0122_20210709171630_0001.MOV	110	0.0153			-118.051	28.774	-965.864	0.236	0.142	1.646	1.603	973.477	7.337	1	1	1														10	AD	Passing			
A001C0122_20210709171630_0001.MOV	110	0.0153			-57.448	-16.218	-2127.618	0.364	0.344	7.882	6.790	2128.455	1.556	1	1	1														0	AD	Passing			
A001C0122_20210709171630_0001.MOV	120	0.0167			-216.960	23.240	-918.389	0.365	0.134	1.507	0.632	943.954	13.443	1	1	1														1	F	Passing			
A001C0122_20210709171630_0001.MOV	120	0.0167			-208.971	23.385	-925.931	0.356	0.135	1.528	0.716	949.507	12.876	1	1	1														2	AD	Passing			
A001C0122_20210709171630_0001.MOV	120	0.0167			-202.651	24.584	-938.371	0.350	0.137	1.567	0.804	960.319	12.360	1	1	1														3	AD	Passing			
A001C0122_20210709171630_0001.MOV	120	0.0167			-194.166	25.589	-945.211	0.340	0.138	1.587	0.980	965.287	11.800	1	1	1														4	AD	Passing			
A001C0122_20210709171630_0001.MOV	120	0.0167			-188.218	25.535	-955.773	0.334	0.140	1.621	0.972	974.464	11.337	1	1	1														5	AD	Passing			
A001C0122_20210709171630_0001.MOV	120	0.0167			-174.250	27.380	-970.348	0.318	0.142	1.667	1.072	986.250	10.413	1	1	1														6	AD	Passing			
A001C0122_20210709171630_0001.MOV	120	0.0167			-164.985	27.659	-971.360	0.304	0.143	1.669	1.141	985.660	9.889	1	1	1														7	AD	Passing			
A001C0122_20210709171630_0001.MOV	120	0.0167			-157.427	27.414	-977.307	0.295	0.143	1.688	1.248	990.284	9.408	1	1	1														8	AD	Passing			
A001C0122_20210709171630_0001.MOV	120	0.0167			-140.519	28.108	-982.964	0.272	0.144	1.705	1.456	993.355	8.434	1	1	1														9	AD	Passing			
A001C0122_20210709171630_0001.MOV	120	0.0167			-131.584	27.877	-979.945	0.258	0.144	1.694	1.514	989.133	7.962	1	1	1														10	AD	Passing			
A001C0122_20210709171630_0001.MOV	120	0.0167			-42.611	-25.048	-2139.358	0.339	0.361	7.969	6.859	2139.929	1.143	1	1	1														0	AD	Passing			
A001C0122_20210709171630_0001.MOV	130	0.0181			-228.113	21.925	-906.690	0.378	0.132	1.473	0.599	935.202	14.255	1	1	1														1	F	Passing			
A001C0122_20210709171630_0001.MOV	130	0.0181			-220.454	22.119	-915.087	0.370	0.133	1.497	0.664	941.528	13.684	1	1	1														2	AD	Passing			
A001C0122_20210709171630_0001.MOV	130	0.0181			-214.813	23.864	-928.796	0.366	0.135	1.539	0.679	953.612	13.180	1	1	1														3	AD	Passing			
A001C0122_20210709171630_0001.MOV	130	0.0181			-206.639	24.749	-937.050	0.356	0.137	1.563	0.718	959.882	12.608	1	1	1														4	AD	Passing			
A001C0122_20210709171630_0001.MOV	130	0.0181			-201.487	25.441	-949.730	0.353	0.139	1.604	0.815	971.201	12.160	1	1	1														5	AD	Passing			
A001C0122_20210709171630_0001.MOV	130	0.0181			-188.333	27.765	-967.424	0.339	0.142	1.660	0.884	985.976	11.236	1	1	1														6	AD	Passing			
A001C0122_20210709171630_0001.MOV	130	0.0181			-179.107	27.920	-969.124	0.325	0.142	1.663	0.937	985.931	10.704	1	1	1														7	AD	Passing			
A001C0122_20210709171630_0001.MOV	130	0.0181			-172.309	27.991	-979.734	0.318	0.144	1.698	1.093	995.165	10.217	1	1	1														8	AD	Passing			
A001C0122_20210709171630_0001.MOV	130	0.0181			-156.140	28.656	-992.560	0.297	0.146	1.740	1.304	1005.175	9.215	1	1	1														9	AD	Passing			
A001C0122_20210709171630_0001.MOV	130	0.0181			-147.162	28.099	-994.257	0.284	0.146	1.745	1.398	1005.481	8.703	1	1	1														10	AD	Passing			
A001C0122_20210709171630_0001.MOV	130	0.0181			-29.651	-31.683	-2146.784	0.321	0.375	8.025	6.922	2147.222	0.827	1	1	1														0	AD	Passing			
A001C0122_20210709171630_0001.MOV	140	0.0195			-238.479	20.748	-893.230	0.390	0.130	1.436	0.503	924.750	15.067	1	1	1														1	F	Passing			
A001C0122_20210709171630_0001.MOV	140	0.0195			-231.230	21.253	-902.634	0.382	0.131	1.462	0.540	932.023	14.494	1	1	1														2	AD	Passing			
A001C0122_20210709171630_0001.MOV	140	0.0195			-225.850	23.418	-916.130	0.379	0.133	1.502	0.566	943.849	13.995	1	1	1														3	AD	Passing			
A001C0122_20210709171630_0001.MOV	140	0.0195			-218.107	24.295	-925.046	0.370	0.135	1.528	0.590	950.721	13.426	1	1	1														4	AD	Passing			
A001C0122_20210709171630_0001.MOV	140	0.0195			-213.408	25.576	-938.265	0.367	0.137	1.569	0.617	962.569	12.988	1	1	1														5	AD	Passing			
A001C0122_20210709171630_0001.MOV	140	0.0195			-201.994	28.517	-961.021	0.358	0.141	1.641	0.669	982.434	12.083	1	1	1														6	AD	Passing			
A001C0122_20210709171630_0001.MOV	140	0.0195			-193.490	28.450	-967.909	0.347	0.142	1.662	0.772	987.469	11.526	1	1	1														7	AD	Passing			
A001C0122_20210709171630_0001.MOV	140	0.0195			-186.892	28.922	-979.258	0.340	0.144	1.699	0.901	997.352	11.039	1	1	1														8	AD	Passing			
A001C0122_20210709171630_0001.MOV	140	0.0195			-171.760	30.436	-997.990	0.323	0.147	1.761	1.048	1013.119	10.037	1	1	1														9	AD	Passing			
A001C0122_20210709171630_0001.MOV	140	0.0195			-163.118	29.938	-1003.607	0.311	0.148	1.779	1.184	1017.217	9.511	1	1	1														10	AD	Passing			
A001C0122_20210709171630_0001.MOV	140	0.0195			-16.547	-36.502	-2155.341	0.310	0.387	8.089	6.755	2155.713	0.572	1	1	1														0	AD	Passing			
A001C0122_20210709171630_0001.MOV	150	0.0209			-248.361	20.892	-876.768	0.399	0.127	1.390	0.358	911.506	15.931	1	1	1														1	F	Passing			
A001C0122_20210709171630_0001.MOV	150	0.0209			-241.668	20.965	-887.367	0.392	0.129	1.419	0.396	919.926	15.353	1	1	1														2	AD	Passing			
A001C0122_20210709171630_0001.MOV	150	0.0209			-236.605	23.417	-900.955	0.390	0.131	1.459	0.389	931.800	14.855	1	1	1														3	AD	Passing			
A001C0122_20210709171630_0001.MOV	150	0.0209			-229.377	24.206	-911.491	0.382	0.133	1.489	0.344	940.221	14.276	1	1	1														4	AD	Passing			
A001C0122_20210709171630_0001.MOV	150	0.0209			-225.162	25.859	-925.011	0.381	0.135	1.531	0.445	952.372	13.849	1	1	1														5	AD	Passing			
A001C0122_20210709171630_0001.MOV	150	0.0209			-214.522	29.616	-948.997	0.373	0.140	1.605	0.389	973.393	12.951	1	1	1														6	AD	Passing			
A001C0122_20210709171630_0001.MOV	150	0.0209			-206.502	29.742	-957.370	0.364	0.141	1.630	0.464	979.839	12.394	1	1	1														7	AD	Passing			
A001C0122_20210709171630_0001.MOV	150	0.0209			-200.981	30.719	-970.911	0.360	0.144	1.674	0.592	991.970	11.933	1	1	1														8	AD	Passing			
A001C0122_20210709171630_0001.MOV	150	0.0209			-187.990	33.032	-997.949	0.349	0.149	1.764	0.739	1016.038	10.948	1	1	1														9	AD	Passing			
A001C0122_20210709171630_0001.MOV	150	0.0209			-179.933	32.938	-1007.575	0.339	0.150	1.796	0.865	1024.045	10.415	1	1	1														9	AD	Passing			
A001C0122_20210709171630_0001.MOV	150	0.0209			-3.856	-38.689	-2183.712	0.309	0.398	8.304	7.080	2184.058	0.423	1	1	1														0	AD	Passing			
A001C0122_20210709171630_0001.MOV	160	0.0222			-256.959	21.614	-859.061	0.406	0.125	1.342	0.132	896.929	16.769	1	1	1														1	F	Passing			
A001C0122_20210709171630_0001.MOV	160	0.0222			-250.818	21.585	-870.427	0.400	0.127	1.373	0.171	906.101	16.194	1	1	1														2	AD	Passing			
A001C0122_20210709171630_0001.MOV	160	0.0222			-246.204	24.105	-884.249	0.399	0.129	1.412	0.197	918.201	15.700	1	1	1														3	AD	Passing			
A001C0122_20210709171630_0001.MOV	160	0.0222			-239.360	24.661	-895.425	0.392	0.131	1.443	0.116	927.193	15.115	1	1	1														4	AD	Passing			
A001C0122_20210709171630_0001.MOV	160	0.0222			-235.743	26.681	-909.340	0.392	0.134	1.485	0.200	939.779	14.703	1	1	1														5	AD	Passing			
A001C0122_20210709171630_0001.MOV	160	0.0222			-225.787	30.991	-932.631	0.385	0.138	1.556	0.112	960.074	13.827	1	1	1														6	AD	Passing			
A001C0122_20210709171630_0001.MOV	160	0.0222			-218.782	31.095	-945.088	0.379	0.140	1.594	0.176	970.579	13.259	1	1	1														7	AD	Passing			
A001C0122_20210709171630_0001.MOV	160	0.0222			-213.859	32.765	-959.892	0.376	0.143	1.641	0.277	983.972	12.807	1	1	1														8	AD	Passing			
A001C0122_20210709171630_0001.MOV	160	0.0222			-202.320	36.464	-989.572	0.369	0.149	1.738	0.309	1010.701	11.858	1	1	1														9	AD	Passing			
A001C0122_20210709171630_0001.MOV	160	0.0222			-195.175	36.757	-1002.722	0.362	0.151	1.782	0.449	1022.202	11.331	1	1	1														10	AD	Passing			
A001C0122_20210709171630_0001.MOV	160	0.0222			8.894	-37.781	-2191.983	0.312	0.398	8.368	7.010	2192.327	0.448	1	1	1														0	AD	Passing			
A001C0122_20210709171630_0001.MOV	170	0.0236			23.181	-35.341	-2212.277	0.325	0.397	8.524	6.834	2212.680	0.676	1	1	1														0	AD	Passing			
A001C0122_20210709171630_0001.MOV	170	0.0236			-263.850	22.870	-839.067	0.409	0.123	1.289	0.240	879.871	17.580	1	1	1														1	F	Passing			
A001C0122_20210709171630_0001.MOV	170	0.0236			-258.521	22.723	-852.178	0.405	0.124	1.323	0.093	890.818	17.001	1	1	1														2	AD	Passing			
A001C0122_20210709171630_0001.MOV	170	0.0236			-254.240	25.477	-866.016	0.404	0.127	1.362	0.140	902.923	16.509	1	1	1														3	AD	Passing			
A001C0122_20210709171630_0001.MOV	170	0.0236			-248.023	25.668	-878.117	0.399	0.129	1.394	0.093	912.833	15.926	1	1	1														4	AD	Passing			
A001C0122_20210709171630_0001.MOV	170	0.0236			-244.759	28.104	-891.576	0.399	0.132	1.434	0.030	924.989	15.527	1	1	1														5	AD	Passing			
A001C0122_20210709171630_0001.MOV	170	0.0236			-235.851	32.416	-916.986	0.395	0.137	1.509	0.220	947.386	14.648	1	1	1														6	AD	Passing			
A001C0122_20210709171630_0001.MOV	170	0.0236			-229.394	32.621	-930.099	0.390	0.139	1.549	0.159	958.525	14.086	1	1	1														7	AD	Passing			
A001C0122_20210709171630_0001.MOV	170	0.0236			-225.399	34.950	-946.325	0.390	0.142	1.600	0.102	973.426	13.657	1	1	1														8	AD	Passing			
A001C0122_20210709171630_0001.MOV	170	0.0236			-215.051	39.464	-977.367	0.385	0.149	1.700	0.128	1001.524	12.732	1	1	1														9	AD	Passing			
A001C0122_20210709171630_0001.MOV	170	0.0236			-208.633	40.054	-991.768	0.380	0.152	1.748	0.021	1014.266	12.218	1	1	1														9	AD	Passing			
A001C0122_20210709171630_0001.MOV	180	0.0250			40.291	-32.327	-2224.996	0.351	0.393	8.625	6.830	2225.596	1.062	1	1	1														0	AD	Passing			
A001C0122_20210709171630_0001.MOV	180	0.0250			-268.957	23.779	-819.245	0.409	0.120	1.236	0.392	862.592	18.304	1	1	1														1	F	Passing			
A001C0122_20210709171630_0001.MOV	180	0.0250			-264.508	23.678	-833.232	0.407	0.122	1.272	0.385	874.529	17.742	1	1	1														2	AD	Passing			
A001C0122_20210709171630_0001.MOV	180	0.0250			-260.782	26.506	-847.684	0.407	0.125	1.312	0.390	887.286	17.254	1	1	1														3	AD	Passing			
A001C0122_20210709171630_0001.MOV	180	0.0250			-255.223	26.533	-860.728	0.404	0.127	1.346	0.341	898.163	16.673	1	1	1														4	AD	Passing			
A001C0122_20210709171630_0001.MOV	180	0.0250			-252.468	29.470	-875.004	0.405	0.130	1.388	0.412	911.176	16.279	1	1	1														5	AD	Passing			
A001C0122_20210709171630_0001.MOV	180	0.0250			-243.943	33.845	-899.114	0.401	0.135	1.457	0.548	932.234	15.413	1	1	1														6	AD	Passing			
A001C0122_20210709171630_0001.MOV	180	0.0250			-238.097	34.073	-913.192	0.397	0.137	1.498	0.427	944.336	14.853	1	1	1														7	AD	Passing			
A001C0122_20210709171630_0001.MOV	180	0.0250			-234.665	36.798	-929.560	0.398	0.141	1.549	0.474	959.429	14.440	1	1	1														8	AD	Passing			
A001C0122_20210709171630_0001.MOV	180	0.0250			-225.327	42.160	-960.207	0.395	0.148	1.646	0.487	987.192	13.551	1	1	1														9	AD	Passing			
A001C0122_20210709171630_0001.MOV	180	0.0250			-219.830	43.072	-977.118	0.393	0.151	1.701	0.487	1002.467	13.042	1	1	1														10	AD	Passing			