3D Point Measurements																																			
																																			
Generated: Tuesday 10 May 2022 13:17:19																																			
																																			
Filename	Frame	Time (mins)	Period	Period time (mins)	X (mm)	Y (mm)	Z (mm)	sX (mm)	sY (mm)	sZ (mm)	RMS (mm)	Range (mm)	Direction (deg)	OpCode	TapeReader	Depth	Comment									Family	Genus	Species	Code	Number	Stage	Activity	Comment		
A002C0020_20220420230151_0001.MOV	1290	0.3587			11.925	-38.336	-590.742	0.087	0.093	0.627	0.900	592.104	4.097	1	1															1	F	Passing			
A002C0020_20220420230151_0001.MOV	1290	0.3587			14.509	-36.775	-587.057	0.087	0.092	0.619	0.852	588.387	4.057	1	1															2	AD	Passing			
A002C0020_20220420230151_0001.MOV	1290	0.3587			16.009	-33.477	-582.159	0.086	0.090	0.609	0.887	583.340	3.845	1	1															3	AD	Passing			
A002C0020_20220420230151_0001.MOV	1290	0.3587			49.942	21.315	-487.517	0.082	0.074	0.433	0.552	490.532	6.273	1	1															25	AD	Passing			
A002C0020_20220420230151_0001.MOV	1290	0.3587			46.998	22.203	-481.250	0.080	0.073	0.422	0.559	484.049	6.074	1	1															25.2	AD	Passing			
A002C0020_20220420230151_0001.MOV	1290	0.3587			53.251	31.439	-449.228	0.077	0.071	0.370	0.464	453.464	7.729	1	1															32	AD	Passing			
A002C0020_20220420230151_0001.MOV	1290	0.3587			-7.586	-38.016	-379.030	0.057	0.060	0.263	0.549	381.007	6.054	1	1															0	J	Passing			
A002C0020_20220420230151_0001.MOV	1300	0.3615			-8.870	-31.956	-371.762	0.056	0.058	0.254	0.471	373.238	5.309	1	1															0	J	Passing			
A002C0020_20220420230151_0001.MOV	1300	0.3615			3.033	-40.649	-590.117	0.086	0.094	0.625	0.840	591.523	4.169	1	1															1	F	Passing			
A002C0020_20220420230151_0001.MOV	1300	0.3615			4.819	-38.847	-585.523	0.085	0.093	0.616	0.682	586.830	4.042	1	1															2	AD	Passing			
A002C0020_20220420230151_0001.MOV	1300	0.3615			6.672	-35.470	-581.197	0.085	0.091	0.607	0.901	582.316	3.768	1	1															3	AD	Passing			
A002C0020_20220420230151_0001.MOV	1300	0.3615			46.503	21.287	-489.862	0.081	0.074	0.437	0.508	492.524	5.873	1	1															25	AD	Passing			
A002C0020_20220420230151_0001.MOV	1300	0.3615			43.174	24.108	-484.238	0.079	0.074	0.427	0.555	486.756	5.727	1	1															25.2	AD	Passing			
A002C0020_20220420230151_0001.MOV	1300	0.3615			52.230	35.366	-452.252	0.077	0.072	0.374	0.363	456.629	7.820	1	1															32	AD	Passing			
A002C0020_20220420230151_0001.MOV	1310	0.3643			-6.438	-21.068	-363.831	0.054	0.055	0.243	0.445	364.498	3.674	1	1															0	J	Passing			
A002C0020_20220420230151_0001.MOV	1310	0.3643			-5.133	-40.066	-589.596	0.086	0.094	0.623	0.782	590.978	4.136	1	1															1	F	Passing			
A002C0020_20220420230151_0001.MOV	1310	0.3643			-3.463	-38.227	-584.302	0.085	0.092	0.613	0.899	585.561	3.976	1	1															2	AD	Passing			
A002C0020_20220420230151_0001.MOV	1310	0.3643			-1.413	-35.307	-580.564	0.085	0.090	0.605	0.714	581.638	3.701	1	1															3	AD	Passing			
A002C0020_20220420230151_0001.MOV	1310	0.3643			42.917	20.717	-491.064	0.080	0.074	0.438	0.519	493.371	5.452	1	1															25	AD	Passing			
A002C0020_20220420230151_0001.MOV	1310	0.3643			41.254	25.619	-486.169	0.079	0.074	0.430	0.483	488.589	5.592	1	1															25.2	AD	Passing			
A002C0020_20220420230151_0001.MOV	1310	0.3643			51.697	39.311	-457.071	0.078	0.074	0.382	0.480	461.662	7.957	1	1															32	AD	Passing			
A002C0020_20220420230151_0001.MOV	1320	0.3670			-9.743	-41.301	-588.561	0.086	0.094	0.621	0.920	590.089	4.337	1	1															1	F	Passing			
A002C0020_20220420230151_0001.MOV	1320	0.3670			-2.211	-12.375	-352.713	0.053	0.052	0.229	0.431	352.937	2.256	1	1															0	J	Passing			
A002C0020_20220420230151_0001.MOV	1320	0.3670			-8.256	-39.448	-583.851	0.085	0.092	0.611	0.786	585.240	4.163	1	1															2	AD	Passing			
A002C0020_20220420230151_0001.MOV	1320	0.3670			-6.107	-36.392	-579.658	0.085	0.091	0.603	0.777	580.831	3.858	1	1															3	AD	Passing			
A002C0020_20220420230151_0001.MOV	1320	0.3670			40.689	18.226	-490.799	0.079	0.073	0.438	0.474	492.820	5.105	1	1															25	AD	Passing			
A002C0020_20220420230151_0001.MOV	1320	0.3670			39.966	24.337	-486.459	0.079	0.074	0.430	0.484	488.704	5.384	1	1															25.2	AD	Passing			
A002C0020_20220420230151_0001.MOV	1320	0.3670			53.303	39.734	-459.550	0.079	0.075	0.386	0.451	464.335	8.103	1	1															32	AD	Passing			
A002C0020_20220420230151_0001.MOV	1330	0.3698			3.045	-6.047	-342.285	0.051	0.050	0.216	0.377	342.352	1.332	1	1															0	J	Passing			
A002C0020_20220420230151_0001.MOV	1330	0.3698			-10.286	-43.417	-587.876	0.086	0.095	0.620	1.816	589.567	4.553	1	1															1	F	Passing			
A002C0020_20220420230151_0001.MOV	1330	0.3698			-9.361	-40.918	-581.863	0.085	0.093	0.607	1.539	583.375	4.339	1	1															2	AD	Passing			
A002C0020_20220420230151_0001.MOV	1330	0.3698			-6.997	-38.884	-578.236	0.084	0.091	0.600	0.812	579.584	4.124	1	1															3	AD	Passing			
A002C0020_20220420230151_0001.MOV	1330	0.3698			39.438	14.964	-488.102	0.079	0.072	0.433	0.578	489.922	4.866	1	1															25	AD	Passing			
A002C0020_20220420230151_0001.MOV	1330	0.3698			40.087	22.092	-485.900	0.078	0.073	0.429	0.579	488.051	5.279	1	1															25.2	AD	Passing			
A002C0020_20220420230151_0001.MOV	1330	0.3698			54.736	37.366	-460.246	0.080	0.074	0.388	0.439	464.993	8.073	1	1															32	AD	Passing			
A002C0020_20220420230151_0001.MOV	1340	0.3726			-13.322	-49.557	-585.728	0.086	0.097	0.615	0.842	587.972	5.218	1	1															1	F	Passing			
A002C0020_20220420230151_0001.MOV	1340	0.3726			7.153	-0.940	-335.105	0.050	0.049	0.208	0.311	335.183	1.280	1	1															0	J	Passing			
A002C0020_20220420230151_0001.MOV	1340	0.3726			-12.459	-46.451	-580.177	0.085	0.095	0.604	0.859	582.167	4.950	1	1															2	AD	Passing			
A002C0020_20220420230151_0001.MOV	1340	0.3726			-10.348	-44.038	-577.298	0.085	0.093	0.598	0.890	579.068	4.694	1	1															3	AD	Passing			
A002C0020_20220420230151_0001.MOV	1340	0.3726			35.286	10.611	-488.061	0.077	0.072	0.433	0.582	489.450	4.260	1	1															25	AD	Passing			
A002C0020_20220420230151_0001.MOV	1340	0.3726			38.167	16.346	-485.615	0.078	0.072	0.429	0.515	487.386	4.805	1	1															25.2	AD	Passing			
A002C0020_20220420230151_0001.MOV	1340	0.3726			51.905	31.798	-459.835	0.079	0.072	0.387	0.452	463.846	7.429	1	1															32	AD	Passing			
A002C0020_20220420230151_0001.MOV	1350	0.3754			12.375	6.160	-328.328	0.050	0.048	0.200	0.291	328.619	2.322	1	1															0	J	Passing			
A002C0020_20220420230151_0001.MOV	1350	0.3754			-15.517	-52.782	-585.032	0.086	0.099	0.614	0.677	587.613	5.582	1	1															1	F	Passing			
A002C0020_20220420230151_0001.MOV	1350	0.3754			-14.774	-49.844	-582.538	0.086	0.097	0.608	0.662	584.853	5.309	1	1															2	AD	Passing			
A002C0020_20220420230151_0001.MOV	1350	0.3754			-12.781	-47.065	-576.209	0.085	0.095	0.596	0.757	578.269	5.049	1	1															3	AD	Passing			
A002C0020_20220420230151_0001.MOV	1350	0.3754			30.664	8.981	-487.497	0.076	0.071	0.432	0.462	488.543	3.695	1	1															25	AD	Passing			
A002C0020_20220420230151_0001.MOV	1350	0.3754			35.035	14.002	-486.000	0.077	0.072	0.429	0.469	487.463	4.363	1	1															25.2	AD	Passing			
A002C0020_20220420230151_0001.MOV	1350	0.3754			48.126	28.626	-457.647	0.077	0.071	0.383	0.471	461.060	6.867	1	1															32	AD	Passing			
A002C0020_20220420230151_0001.MOV	1360	0.3782			-14.752	-58.929	-584.782	0.086	0.102	0.613	0.831	587.929	6.143	1	1															1	F	Passing			
A002C0020_20220420230151_0001.MOV	1360	0.3782			-13.854	-55.289	-581.298	0.086	0.100	0.606	0.785	584.086	5.812	1	1															2	AD	Passing			
A002C0020_20220420230151_0001.MOV	1360	0.3782			-12.313	-52.484	-576.429	0.085	0.097	0.596	0.776	578.945	5.556	1	1															3	AD	Passing			
A002C0020_20220420230151_0001.MOV	1360	0.3782			19.869	12.167	-320.827	0.049	0.048	0.192	0.269	321.671	4.044	1	1															0	J	Passing			
A002C0020_20220420230151_0001.MOV	1360	0.3782			27.065	5.633	-486.303	0.075	0.071	0.429	0.613	487.088	3.216	1	1															25	AD	Passing			
A002C0020_20220420230151_0001.MOV	1360	0.3782			33.259	9.652	-486.273	0.076	0.071	0.430	0.526	487.504	4.018	1	1															25.2	AD	Passing			
A002C0020_20220420230151_0001.MOV	1360	0.3782			45.273	25.517	-457.226	0.076	0.070	0.382	0.488	460.170	6.380	1	1															32	AD	Passing			
A002C0020_20220420230151_0001.MOV	1370	0.3809			29.426	15.774	-311.207	0.049	0.047	0.182	0.241	312.993	6.023	1	1															0	J	Passing			
A002C0020_20220420230151_0001.MOV	1370	0.3809			45.559	19.760	-456.863	0.076	0.069	0.381	0.558	459.554	6.120	1	1															32	AD	Passing			
A002C0020_20220420230151_0001.MOV	1370	0.3809			-10.502	-68.651	-581.319	0.085	0.108	0.606	0.830	585.453	7.029	1	1															1	F	Passing			
A002C0020_20220420230151_0001.MOV	1370	0.3809			-9.498	-64.837	-577.868	0.085	0.105	0.599	0.923	581.572	6.686	1	1															2	AD	Passing			
A002C0020_20220420230151_0001.MOV	1370	0.3809			-7.968	-62.163	-573.280	0.084	0.102	0.590	0.880	576.696	6.456	1	1															3	AD	Passing			
A002C0020_20220420230151_0001.MOV	1370	0.3809			25.733	-0.259	-484.520	0.074	0.070	0.426	0.528	485.203	3.050	1	1															25	AD	Passing			
A002C0020_20220420230151_0001.MOV	1370	0.3809			31.815	2.434	-481.578	0.075	0.070	0.421	0.544	482.633	3.780	1	1															25.2	AD	Passing			
A002C0020_20220420230151_0001.MOV	1380	0.3837			38.099	17.992	-298.998	0.049	0.045	0.169	0.208	301.952	7.930	1	1															0	J	Passing			
A002C0020_20220420230151_0001.MOV	1380	0.3837			-5.809	-80.848	-575.754	0.084	0.115	0.595	0.833	581.431	8.231	1	1															1	F	Passing			
A002C0020_20220420230151_0001.MOV	1380	0.3837			-5.218	-76.721	-572.585	0.084	0.112	0.589	0.816	577.725	7.867	1	1															2	AD	Passing			
A002C0020_20220420230151_0001.MOV	1380	0.3837			-3.835	-73.541	-567.814	0.083	0.109	0.580	0.776	572.569	7.608	1	1															3	AD	Passing			
A002C0020_20220420230151_0001.MOV	1380	0.3837			24.529	-6.983	-480.840	0.073	0.070	0.420	0.637	481.515	3.103	1	1															25	AD	Passing			
A002C0020_20220420230151_0001.MOV	1380	0.3837			30.770	-5.320	-477.786	0.074	0.069	0.415	0.703	478.805	3.783	1	1															25.2	AD	Passing			
A002C0020_20220420230151_0001.MOV	1380	0.3837			45.242	12.943	-453.554	0.075	0.067	0.376	0.521	455.989	5.867	1	1															32	AD	Passing			
A002C0020_20220420230151_0001.MOV	1390	0.3865			-0.998	-90.972	-568.444	0.083	0.121	0.581	0.835	575.679	9.311	1	1															1	F	Passing			
A002C0020_20220420230151_0001.MOV	1390	0.3865			0.234	-86.675	-565.823	0.083	0.117	0.576	0.867	572.423	8.928	1	1															2	AD	Passing			
A002C0020_20220420230151_0001.MOV	1390	0.3865			1.223	-83.516	-562.527	0.082	0.114	0.569	0.954	568.694	8.664	1	1															3	AD	Passing			
A002C0020_20220420230151_0001.MOV	1390	0.3865			45.180	20.879	-286.573	0.048	0.044	0.157	0.195	290.863	9.763	1	1															0	J	Passing			
A002C0020_20220420230151_0001.MOV	1390	0.3865			23.408	-11.896	-477.602	0.073	0.070	0.414	0.650	478.323	3.252	1	1															25	AD	Passing			
A002C0020_20220420230151_0001.MOV	1390	0.3865			29.468	-11.317	-473.464	0.073	0.069	0.408	0.732	474.515	3.898	1	1															25.2	AD	Passing			
A002C0020_20220420230151_0001.MOV	1390	0.3865			43.559	8.043	-449.748	0.074	0.066	0.370	0.518	451.924	5.589	1	1															32	AD	Passing			
A002C0020_20220420230151_0001.MOV	1400	0.3893			4.444	-96.068	-563.357	0.082	0.124	0.571	0.950	571.507	9.906	1	1															1	F	Passing			
A002C0020_20220420230151_0001.MOV	1400	0.3893			5.841	-91.571	-560.294	0.082	0.120	0.565	0.850	567.758	9.519	1	1															2	AD	Passing			
A002C0020_20220420230151_0001.MOV	1400	0.3893			6.423	-88.078	-556.816	0.082	0.117	0.559	0.826	563.776	9.230	1	1															3	AD	Passing			
A002C0020_20220420230151_0001.MOV	1400	0.3893			51.206	26.629	-274.660	0.047	0.043	0.147	0.039	280.659	11.768	1	1															0	J	Passing			
A002C0020_20220420230151_0001.MOV	1400	0.3893			23.677	-12.063	-475.851	0.072	0.070	0.411	0.596	476.593	3.301	1	1															25	AD	Passing			
A002C0020_20220420230151_0001.MOV	1400	0.3893			27.866	-11.376	-470.266	0.073	0.069	0.402	0.580	471.229	3.750	1	1															25.2	AD	Passing			
A002C0020_20220420230151_0001.MOV	1400	0.3893			40.788	6.401	-445.315	0.072	0.065	0.363	0.557	447.225	5.268	1	1															32	AD	Passing			
A002C0020_20220420230151_0001.MOV	1410	0.3921			56.621	33.996	-264.749	0.047	0.043	0.139	0.135	272.862	13.896	1	1															0	J	Passing			
A002C0020_20220420230151_0001.MOV	1410	0.3921			9.375	-98.195	-559.552	0.082	0.125	0.564	0.976	568.180	10.215	1	1															1	F	Passing			
A002C0020_20220420230151_0001.MOV	1410	0.3921			11.040	-93.945	-556.725	0.082	0.121	0.559	0.946	564.703	9.860	1	1															2	AD	Passing			
A002C0020_20220420230151_0001.MOV	1410	0.3921			11.397	-89.785	-552.153	0.081	0.117	0.550	0.880	559.521	9.526	1	1															3	AD	Passing			
A002C0020_20220420230151_0001.MOV	1410	0.3921			26.134	-9.042	-475.502	0.073	0.069	0.411	0.681	476.306	3.406	1	1															25	AD	Passing			
A002C0020_20220420230151_0001.MOV	1410	0.3921			28.301	-8.889	-469.278	0.073	0.068	0.401	0.708	470.214	3.688	1	1															25.2	AD	Passing			
A002C0020_20220420230151_0001.MOV	1410	0.3921			36.908	7.644	-441.474	0.071	0.065	0.356	0.459	443.080	4.840	1	1															32	AD	Passing			
A002C0020_20220420230151_0001.MOV	1420	0.3948			62.774	41.292	-255.275	0.047	0.043	0.134	0.269	266.104	16.282	1	1															0	J	Passing			
A002C0020_20220420230151_0001.MOV	1420	0.3948			14.763	-100.673	-554.134	0.082	0.125	0.554	0.908	563.398	10.621	1	1															1	F	Passing			
A002C0020_20220420230151_0001.MOV	1420	0.3948			16.571	-96.557	-551.993	0.082	0.122	0.550	0.880	560.619	10.279	1	1															2	AD	Passing			
A002C0020_20220420230151_0001.MOV	1420	0.3948			17.075	-92.523	-548.586	0.082	0.118	0.543	0.945	556.596	9.947	1	1															3	AD	Passing			
A002C0020_20220420230151_0001.MOV	1420	0.3948			31.357	-7.438	-474.724	0.074	0.069	0.410	0.507	475.817	3.940	1	1															25	AD	Passing			
A002C0020_20220420230151_0001.MOV	1420	0.3948			32.691	-7.538	-468.895	0.074	0.068	0.400	0.534	470.093	4.147	1	1															25.2	AD	Passing			
A002C0020_20220420230151_0001.MOV	1420	0.3948			33.787	9.736	-439.903	0.069	0.065	0.354	0.469	441.306	4.514	1	1															32	AD	Passing			
A002C0020_20220420230151_0001.MOV	1430	0.3976			69.401	47.442	-244.158	0.046	0.043	0.130	0.796	258.226	18.877	1	1															0	J	Passing			
A002C0020_20220420230151_0001.MOV	1430	0.3976			20.079	-104.871	-548.919	0.082	0.128	0.544	0.966	559.208	11.222	1	1															1	F	Passing			
A002C0020_20220420230151_0001.MOV	1430	0.3976			21.904	-100.883	-546.337	0.082	0.124	0.539	0.810	556.005	10.914	1	1															2	AD	Passing			
A002C0020_20220420230151_0001.MOV	1430	0.3976			22.215	-96.576	-543.216	0.082	0.120	0.533	0.865	552.181	10.552	1	1															3	AD	Passing			
A002C0020_20220420230151_0001.MOV	1430	0.3976			35.520	11.387	-442.210	0.070	0.065	0.357	0.381	443.780	4.759	1	1															32	AD	Passing			
A002C0020_20220420230151_0001.MOV	1430	0.3976			39.474	-8.707	-474.453	0.076	0.069	0.410	0.564	476.172	4.921	1	1															25	AD	Passing			
A002C0020_20220420230151_0001.MOV	1430	0.3976			38.442	-6.970	-467.219	0.075	0.068	0.398	0.641	468.850	4.824	1	1															25.2	AD	Passing			