3D Point Measurements

Generated: Thursday 20 July 2023 12:08:27

Filename	Frame	Time (mins)	Period	Period time (mins)	X (mm)	Y (mm)	Z (mm)	sX (mm)	sY (mm)	sZ (mm)	RMS (mm)	Range (mm)	Direction (deg)	OpCode	TapeReader	Depth	Comment									Family	Genus	Species	Code	Number	Stage	Activity	Comment		
A002C0019_20220420225823_0001.MOV	   2892	   0.8041			178.703	66.976	-462.411	0.163	0.092	0.432	0.014	500.244	22.351	1	1															0	J	Passing			
A002C0019_20220420225823_0001.MOV	   2892	   0.8041			83.305	-51.035	-498.427	0.101	0.085	0.456	0.425	507.911	11.205	1	1															1	F	Passing			
A002C0019_20220420225823_0001.MOV	   2892	   0.8041			36.050	-30.046	-462.053	0.074	0.071	0.389	0.142	464.430	5.942	1	1															2	AD	Passing			
A002C0019_20220420225823_0001.MOV	   2912	   0.8097			166.539	64.880	-441.563	0.146	0.087	0.394	0.018	476.364	21.958	1	1															0	J	Passing			
A002C0019_20220420225823_0001.MOV	   2912	   0.8097			80.250	-56.569	-506.701	0.101	0.089	0.470	0.457	516.126	11.094	1	1															1	F	Passing			
A002C0019_20220420225823_0001.MOV	   2912	   0.8097			29.775	-32.234	-464.141	0.072	0.072	0.392	0.027	466.211	5.563	1	1															2	AD	Passing			
A002C0019_20220420225823_0001.MOV	   2932	   0.8153			151.890	63.596	-416.108	0.127	0.081	0.350	0.094	447.506	21.507	1	1															0	J	Passing			
A002C0019_20220420225823_0001.MOV	   2932	   0.8153			75.072	-56.721	-496.922	0.096	0.087	0.452	0.646	505.751	10.855	1	1															1	F	Passing			
A002C0019_20220420225823_0001.MOV	   2932	   0.8153			21.906	-31.559	-465.525	0.071	0.072	0.394	0.040	467.108	4.899	1	1															2	AD	Passing			
A002C0019_20220420225823_0001.MOV	   2952	   0.8208			135.534	63.687	-394.085	0.109	0.076	0.312	0.126	421.578	20.715	1	1															0	J	Passing			
A002C0019_20220420225823_0001.MOV	   2952	   0.8208			70.995	-58.085	-488.756	0.092	0.086	0.438	0.743	497.289	10.769	1	1															1	F	Passing			
A002C0019_20220420225823_0001.MOV	   2952	   0.8208			15.810	-31.797	-462.004	0.069	0.071	0.388	0.030	463.367	4.592	1	1															2	AD	Passing			
A002C0019_20220420225823_0001.MOV	   2972	   0.8264			121.115	60.181	-370.780	0.094	0.070	0.275	0.369	394.675	19.943	1	1															0	J	Passing			
A002C0019_20220420225823_0001.MOV	   2972	   0.8264			68.204	-60.062	-481.275	0.090	0.086	0.425	0.184	489.781	10.839	1	1															1	F	Passing			
A002C0019_20220420225823_0001.MOV	   2972	   0.8264			15.116	-34.401	-457.558	0.068	0.071	0.381	0.028	459.099	4.895	1	1															2	AD	Passing			
A002C0019_20220420225823_0001.MOV	   2992	   0.8319			109.507	57.592	-350.939	0.083	0.065	0.247	0.383	372.111	19.320	1	1															0	J	Passing			
A002C0019_20220420225823_0001.MOV	   2992	   0.8319			74.975	-65.932	-476.216	0.092	0.088	0.417	0.077	486.570	11.986	1	1															1	F	Passing			
A002C0019_20220420225823_0001.MOV	   2992	   0.8319			21.912	-37.542	-462.306	0.070	0.073	0.389	0.036	464.345	5.561	1	1															2	AD	Passing			
A002C0019_20220420225823_0001.MOV	   3012	   0.8375			94.936	54.944	-334.817	0.073	0.061	0.222	0.228	352.327	18.031	1	1															0	J	Passing			
A002C0019_20220420225823_0001.MOV	   3012	   0.8375			81.996	-66.315	-473.744	0.095	0.088	0.414	0.283	485.339	12.688	1	1															1	F	Passing			
A002C0019_20220420225823_0001.MOV	   3012	   0.8375			25.940	-36.502	-460.645	0.071	0.073	0.386	0.211	462.816	5.732	1	1															2	AD	Passing			
A002C0019_20220420225823_0001.MOV	   3032	   0.8431			80.140	44.403	-321.619	0.064	0.055	0.202	0.149	334.414	15.796	1	1															0	J	Passing			
A002C0019_20220420225823_0001.MOV	   3032	   0.8431			87.908	-76.011	-471.782	0.098	0.093	0.412	0.010	485.885	13.982	1	1															1	F	Passing			
A002C0019_20220420225823_0001.MOV	   3032	   0.8431			30.798	-44.484	-453.807	0.071	0.074	0.376	0.177	457.021	6.980	1	1															2	AD	Passing			
A002C0019_20220420225823_0001.MOV	   3052	   0.8486			60.372	26.394	-312.093	0.056	0.049	0.186	0.188	318.973	11.835	1	1															0	J	Passing			
A002C0019_20220420225823_0001.MOV	   3052	   0.8486			84.849	-90.955	-461.984	0.095	0.100	0.396	0.054	478.437	15.230	1	1															1	F	Passing			
A002C0019_20220420225823_0001.MOV	   3052	   0.8486			30.268	-61.940	-463.714	0.072	0.084	0.392	0.060	468.810	8.653	1	1															2	AD	Passing			
A002C0019_20220420225823_0001.MOV	   3072	   0.8542			32.930	12.670	-301.436	0.048	0.045	0.171	0.202	303.494	6.601	1	1															0	J	Passing			
A002C0019_20220420225823_0001.MOV	   3072	   0.8542			80.289	-99.946	-464.837	0.093	0.107	0.400	0.781	482.192	15.590	1	1															1	F	Passing			
A002C0019_20220420225823_0001.MOV	   3072	   0.8542			25.817	-75.574	-458.360	0.070	0.090	0.383	0.175	465.266	10.091	1	1															2	AD	Passing			
A002C0019_20220420225823_0001.MOV	   3092	   0.8597			-5.703	23.484	-280.114	0.043	0.043	0.147	0.252	281.154	4.719	1	1															0	J	Passing			
A002C0019_20220420225823_0001.MOV	   3092	   0.8597			67.782	-82.608	-467.035	0.087	0.096	0.401	0.039	479.104	13.057	1	1															1	F	Passing			
A002C0019_20220420225823_0001.MOV	   3092	   0.8597			8.858	-56.794	-451.759	0.067	0.079	0.371	0.144	455.401	7.467	1	1															2	AD	Passing			
A002C0019_20220420225823_0001.MOV	   3112	   0.8653			-35.847	33.600	-259.141	0.042	0.042	0.128	0.124	263.757	10.587	1	1															0	J	Passing			
A002C0019_20220420225823_0001.MOV	   3112	   0.8653			63.395	-57.284	-456.646	0.083	0.080	0.383	0.466	464.570	10.746	1	1															1	F	Passing			
A002C0019_20220420225823_0001.MOV	   3112	   0.8653			3.987	-37.921	-435.513	0.064	0.069	0.345	0.168	437.179	5.221	1	1															2	AD	Passing			
